  434 VISTA_Ks  +atm  lambda_c= 2.1487e+04  AB-Vega= xxxx
      1   1.9340e+04    4.5691e-03
      2   1.9350e+04    7.8850e-03
      3   1.9360e+04    6.5291e-03
      4   1.9370e+04    6.9870e-03
      5   1.9380e+04    7.1005e-03
      6   1.9390e+04    7.5822e-03
      7   1.9400e+04    8.4950e-03
      8   1.9410e+04    9.8343e-03
      9   1.9420e+04    1.0647e-02
     10   1.9430e+04    1.1046e-02
     11   1.9440e+04    1.2395e-02
     12   1.9450e+04    1.3376e-02
     13   1.9460e+04    1.3789e-02
     14   1.9470e+04    1.4966e-02
     15   1.9480e+04    1.6865e-02
     16   1.9490e+04    1.7954e-02
     17   1.9500e+04    1.9260e-02
     18   1.9510e+04    2.0067e-02
     19   1.9520e+04    2.0572e-02
     20   1.9530e+04    2.0433e-02
     21   1.9540e+04    1.9856e-02
     22   1.9550e+04    1.9412e-02
     23   1.9560e+04    2.0019e-02
     24   1.9570e+04    2.0918e-02
     25   1.9580e+04    2.4557e-02
     26   1.9590e+04    2.9196e-02
     27   1.9600e+04    3.4581e-02
     28   1.9610e+04    3.8124e-02
     29   1.9620e+04    4.2156e-02
     30   1.9630e+04    4.4850e-02
     31   1.9640e+04    4.7873e-02
     32   1.9650e+04    5.1883e-02
     33   1.9660e+04    5.7769e-02
     34   1.9670e+04    6.5288e-02
     35   1.9680e+04    7.3343e-02
     36   1.9690e+04    8.0978e-02
     37   1.9700e+04    8.6870e-02
     38   1.9710e+04    9.7475e-02
     39   1.9720e+04    1.0556e-01
     40   1.9730e+04    1.1660e-01
     41   1.9740e+04    1.2915e-01
     42   1.9750e+04    1.4624e-01
     43   1.9760e+04    1.6078e-01
     44   1.9770e+04    1.7788e-01
     45   1.9780e+04    1.8219e-01
     46   1.9790e+04    1.9650e-01
     47   1.9800e+04    2.1312e-01
     48   1.9810e+04    2.2796e-01
     49   1.9820e+04    2.4783e-01
     50   1.9830e+04    2.7511e-01
     51   1.9840e+04    2.9683e-01
     52   1.9850e+04    3.0411e-01
     53   1.9860e+04    3.2590e-01
     54   1.9870e+04    3.4760e-01
     55   1.9880e+04    3.6164e-01
     56   1.9890e+04    3.8135e-01
     57   1.9900e+04    4.1784e-01
     58   1.9910e+04    4.4437e-01
     59   1.9920e+04    4.6306e-01
     60   1.9930e+04    4.9429e-01
     61   1.9940e+04    5.1400e-01
     62   1.9950e+04    5.1967e-01
     63   1.9960e+04    5.0792e-01
     64   1.9970e+04    4.9327e-01
     65   1.9980e+04    4.6400e-01
     66   1.9990e+04    4.2344e-01
     67   2.0000e+04    3.7939e-01
     68   2.0010e+04    3.3968e-01
     69   2.0020e+04    3.0728e-01
     70   2.0030e+04    2.8267e-01
     71   2.0040e+04    2.7200e-01
     72   2.0050e+04    2.8637e-01
     73   2.0060e+04    3.2187e-01
     74   2.0070e+04    3.8009e-01
     75   2.0080e+04    4.1766e-01
     76   2.0090e+04    4.4103e-01
     77   2.0100e+04    4.4716e-01
     78   2.0110e+04    4.3969e-01
     79   2.0120e+04    4.0953e-01
     80   2.0130e+04    4.0682e-01
     81   2.0140e+04    4.1777e-01
     82   2.0150e+04    4.3158e-01
     83   2.0160e+04    4.5223e-01
     84   2.0170e+04    4.7847e-01
     85   2.0180e+04    5.1088e-01
     86   2.0190e+04    5.4389e-01
     87   2.0200e+04    5.8721e-01
     88   2.0210e+04    6.2954e-01
     89   2.0220e+04    6.6789e-01
     90   2.0230e+04    7.0512e-01
     91   2.0240e+04    7.4265e-01
     92   2.0250e+04    7.7343e-01
     93   2.0260e+04    7.9588e-01
     94   2.0270e+04    8.1476e-01
     95   2.0280e+04    8.3322e-01
     96   2.0290e+04    8.4568e-01
     97   2.0300e+04    8.5322e-01
     98   2.0310e+04    8.6251e-01
     99   2.0320e+04    8.6904e-01
    100   2.0330e+04    8.6996e-01
    101   2.0340e+04    8.7229e-01
    102   2.0350e+04    8.7127e-01
    103   2.0360e+04    8.7381e-01
    104   2.0370e+04    8.7389e-01
    105   2.0380e+04    8.6606e-01
    106   2.0390e+04    8.6199e-01
    107   2.0400e+04    8.5798e-01
    108   2.0410e+04    8.5421e-01
    109   2.0420e+04    8.5168e-01
    110   2.0430e+04    8.5524e-01
    111   2.0440e+04    8.5969e-01
    112   2.0450e+04    8.5803e-01
    113   2.0460e+04    8.4698e-01
    114   2.0470e+04    8.3107e-01
    115   2.0480e+04    8.0295e-01
    116   2.0490e+04    7.6761e-01
    117   2.0500e+04    7.3266e-01
    118   2.0510e+04    7.0010e-01
    119   2.0520e+04    6.7069e-01
    120   2.0530e+04    6.5010e-01
    121   2.0540e+04    6.3398e-01
    122   2.0550e+04    6.2802e-01
    123   2.0560e+04    6.3299e-01
    124   2.0570e+04    6.5456e-01
    125   2.0580e+04    6.9579e-01
    126   2.0590e+04    7.2739e-01
    127   2.0600e+04    7.4740e-01
    128   2.0610e+04    7.5240e-01
    129   2.0620e+04    7.4366e-01
    130   2.0630e+04    7.1886e-01
    131   2.0640e+04    7.0051e-01
    132   2.0650e+04    6.9660e-01
    133   2.0660e+04    7.0524e-01
    134   2.0670e+04    7.1594e-01
    135   2.0680e+04    7.2994e-01
    136   2.0690e+04    7.4910e-01
    137   2.0700e+04    7.6647e-01
    138   2.0710e+04    7.8520e-01
    139   2.0720e+04    8.0345e-01
    140   2.0730e+04    8.1901e-01
    141   2.0740e+04    8.3708e-01
    142   2.0750e+04    8.5175e-01
    143   2.0760e+04    8.6299e-01
    144   2.0770e+04    8.8140e-01
    145   2.0780e+04    8.9723e-01
    146   2.0790e+04    9.0949e-01
    147   2.0800e+04    9.1857e-01
    148   2.0810e+04    9.2350e-01
    149   2.0820e+04    9.2242e-01
    150   2.0830e+04    9.1723e-01
    151   2.0840e+04    9.1434e-01
    152   2.0850e+04    9.1776e-01
    153   2.0860e+04    9.2122e-01
    154   2.0870e+04    9.2466e-01
    155   2.0880e+04    9.3220e-01
    156   2.0890e+04    9.3546e-01
    157   2.0900e+04    9.3842e-01
    158   2.0910e+04    9.4258e-01
    159   2.0920e+04    9.4088e-01
    160   2.0930e+04    9.4647e-01
    161   2.0940e+04    9.5144e-01
    162   2.0950e+04    9.5254e-01
    163   2.0960e+04    9.5513e-01
    164   2.0970e+04    9.5594e-01
    165   2.0980e+04    9.5389e-01
    166   2.0990e+04    9.5332e-01
    167   2.1000e+04    9.4882e-01
    168   2.1010e+04    9.5008e-01
    169   2.1020e+04    9.5816e-01
    170   2.1030e+04    9.5914e-01
    171   2.1040e+04    9.6113e-01
    172   2.1050e+04    9.6774e-01
    173   2.1060e+04    9.6593e-01
    174   2.1070e+04    9.6569e-01
    175   2.1080e+04    9.6623e-01
    176   2.1090e+04    9.6379e-01
    177   2.1100e+04    9.6152e-01
    178   2.1110e+04    9.6243e-01
    179   2.1120e+04    9.6148e-01
    180   2.1130e+04    9.6420e-01
    181   2.1140e+04    9.6532e-01
    182   2.1150e+04    9.6770e-01
    183   2.1160e+04    9.6773e-01
    184   2.1170e+04    9.6286e-01
    185   2.1180e+04    9.5958e-01
    186   2.1190e+04    9.6166e-01
    187   2.1200e+04    9.6133e-01
    188   2.1210e+04    9.6383e-01
    189   2.1220e+04    9.6821e-01
    190   2.1230e+04    9.6764e-01
    191   2.1240e+04    9.6900e-01
    192   2.1250e+04    9.6959e-01
    193   2.1260e+04    9.6321e-01
    194   2.1270e+04    9.6654e-01
    195   2.1280e+04    9.7008e-01
    196   2.1290e+04    9.6826e-01
    197   2.1300e+04    9.7074e-01
    198   2.1310e+04    9.7680e-01
    199   2.1320e+04    9.7520e-01
    200   2.1330e+04    9.7738e-01
    201   2.1340e+04    9.7670e-01
    202   2.1350e+04    9.7489e-01
    203   2.1360e+04    9.7646e-01
    204   2.1370e+04    9.7652e-01
    205   2.1380e+04    9.7476e-01
    206   2.1390e+04    9.7769e-01
    207   2.1400e+04    9.7714e-01
    208   2.1410e+04    9.7484e-01
    209   2.1420e+04    9.7618e-01
    210   2.1430e+04    9.7493e-01
    211   2.1440e+04    9.7294e-01
    212   2.1450e+04    9.7523e-01
    213   2.1460e+04    9.7464e-01
    214   2.1470e+04    9.7250e-01
    215   2.1480e+04    9.7299e-01
    216   2.1490e+04    9.6838e-01
    217   2.1500e+04    9.6191e-01
    218   2.1510e+04    9.6027e-01
    219   2.1520e+04    9.5758e-01
    220   2.1530e+04    9.5605e-01
    221   2.1540e+04    9.6043e-01
    222   2.1550e+04    9.6339e-01
    223   2.1560e+04    9.6624e-01
    224   2.1570e+04    9.6775e-01
    225   2.1580e+04    9.6648e-01
    226   2.1590e+04    9.6412e-01
    227   2.1600e+04    9.6465e-01
    228   2.1610e+04    9.5707e-01
    229   2.1620e+04    9.5455e-01
    230   2.1630e+04    9.5781e-01
    231   2.1640e+04    9.5809e-01
    232   2.1650e+04    9.5662e-01
    233   2.1660e+04    9.6211e-01
    234   2.1670e+04    9.6077e-01
    235   2.1680e+04    9.6068e-01
    236   2.1690e+04    9.6385e-01
    237   2.1700e+04    9.6460e-01
    238   2.1710e+04    9.6373e-01
    239   2.1720e+04    9.6769e-01
    240   2.1730e+04    9.6410e-01
    241   2.1740e+04    9.6157e-01
    242   2.1750e+04    9.6382e-01
    243   2.1760e+04    9.6348e-01
    244   2.1770e+04    9.6139e-01
    245   2.1780e+04    9.6512e-01
    246   2.1790e+04    9.6666e-01
    247   2.1800e+04    9.6730e-01
    248   2.1810e+04    9.6524e-01
    249   2.1820e+04    9.6250e-01
    250   2.1830e+04    9.5374e-01
    251   2.1840e+04    9.5511e-01
    252   2.1850e+04    9.5241e-01
    253   2.1860e+04    9.5560e-01
    254   2.1870e+04    9.6420e-01
    255   2.1880e+04    9.7083e-01
    256   2.1890e+04    9.6985e-01
    257   2.1900e+04    9.7406e-01
    258   2.1910e+04    9.7679e-01
    259   2.1920e+04    9.7533e-01
    260   2.1930e+04    9.7359e-01
    261   2.1940e+04    9.7380e-01
    262   2.1950e+04    9.7198e-01
    263   2.1960e+04    9.6705e-01
    264   2.1970e+04    9.5943e-01
    265   2.1980e+04    9.4592e-01
    266   2.1990e+04    9.3999e-01
    267   2.2000e+04    9.3425e-01
    268   2.2010e+04    9.3576e-01
    269   2.2020e+04    9.4169e-01
    270   2.2030e+04    9.5153e-01
    271   2.2040e+04    9.5732e-01
    272   2.2050e+04    9.6351e-01
    273   2.2060e+04    9.6762e-01
    274   2.2070e+04    9.7052e-01
    275   2.2080e+04    9.8039e-01
    276   2.2090e+04    9.8050e-01
    277   2.2100e+04    9.8055e-01
    278   2.2110e+04    9.8286e-01
    279   2.2120e+04    9.8280e-01
    280   2.2130e+04    9.7954e-01
    281   2.2140e+04    9.7555e-01
    282   2.2150e+04    9.7350e-01
    283   2.2160e+04    9.7003e-01
    284   2.2170e+04    9.6950e-01
    285   2.2180e+04    9.7198e-01
    286   2.2190e+04    9.7276e-01
    287   2.2200e+04    9.7016e-01
    288   2.2210e+04    9.7118e-01
    289   2.2220e+04    9.6991e-01
    290   2.2230e+04    9.6673e-01
    291   2.2240e+04    9.6866e-01
    292   2.2250e+04    9.6674e-01
    293   2.2260e+04    9.6347e-01
    294   2.2270e+04    9.6404e-01
    295   2.2280e+04    9.6538e-01
    296   2.2290e+04    9.6309e-01
    297   2.2300e+04    9.6184e-01
    298   2.2310e+04    9.5960e-01
    299   2.2320e+04    9.5493e-01
    300   2.2330e+04    9.5289e-01
    301   2.2340e+04    9.5190e-01
    302   2.2350e+04    9.5322e-01
    303   2.2360e+04    9.5200e-01
    304   2.2370e+04    9.5451e-01
    305   2.2380e+04    9.5106e-01
    306   2.2390e+04    9.4913e-01
    307   2.2400e+04    9.5096e-01
    308   2.2410e+04    9.5216e-01
    309   2.2420e+04    9.4524e-01
    310   2.2430e+04    9.4808e-01
    311   2.2440e+04    9.4682e-01
    312   2.2450e+04    9.3823e-01
    313   2.2460e+04    9.3875e-01
    314   2.2470e+04    9.4343e-01
    315   2.2480e+04    9.3917e-01
    316   2.2490e+04    9.4111e-01
    317   2.2500e+04    9.4912e-01
    318   2.2510e+04    9.4627e-01
    319   2.2520e+04    9.3906e-01
    320   2.2530e+04    9.4021e-01
    321   2.2540e+04    9.3595e-01
    322   2.2550e+04    9.2748e-01
    323   2.2560e+04    9.2813e-01
    324   2.2570e+04    9.3481e-01
    325   2.2580e+04    9.3374e-01
    326   2.2590e+04    9.3062e-01
    327   2.2600e+04    9.2733e-01
    328   2.2610e+04    9.2757e-01
    329   2.2620e+04    9.2326e-01
    330   2.2630e+04    9.2027e-01
    331   2.2640e+04    9.3165e-01
    332   2.2650e+04    9.4489e-01
    333   2.2660e+04    9.3904e-01
    334   2.2670e+04    9.3372e-01
    335   2.2680e+04    9.3653e-01
    336   2.2690e+04    9.3311e-01
    337   2.2700e+04    9.2640e-01
    338   2.2710e+04    9.3033e-01
    339   2.2720e+04    9.4030e-01
    340   2.2730e+04    9.3247e-01
    341   2.2740e+04    9.1308e-01
    342   2.2750e+04    9.0770e-01
    343   2.2760e+04    9.0623e-01
    344   2.2770e+04    9.0221e-01
    345   2.2780e+04    9.0535e-01
    346   2.2790e+04    9.0838e-01
    347   2.2800e+04    9.0604e-01
    348   2.2810e+04    8.8036e-01
    349   2.2820e+04    8.5821e-01
    350   2.2830e+04    8.4138e-01
    351   2.2840e+04    8.3482e-01
    352   2.2850e+04    8.2149e-01
    353   2.2860e+04    8.2188e-01
    354   2.2870e+04    8.1049e-01
    355   2.2880e+04    7.8256e-01
    356   2.2890e+04    7.6218e-01
    357   2.2900e+04    7.3766e-01
    358   2.2910e+04    7.1331e-01
    359   2.2920e+04    6.8971e-01
    360   2.2930e+04    6.7251e-01
    361   2.2940e+04    6.4169e-01
    362   2.2950e+04    6.1974e-01
    363   2.2960e+04    5.9164e-01
    364   2.2970e+04    5.6210e-01
    365   2.2980e+04    5.3632e-01
    366   2.2990e+04    5.1319e-01
    367   2.3000e+04    4.8575e-01
    368   2.3010e+04    4.6237e-01
    369   2.3020e+04    4.3891e-01
    370   2.3030e+04    4.1768e-01
    371   2.3040e+04    3.9660e-01
    372   2.3050e+04    3.7285e-01
    373   2.3060e+04    3.5139e-01
    374   2.3070e+04    3.3568e-01
    375   2.3080e+04    3.1921e-01
    376   2.3090e+04    3.0300e-01
    377   2.3100e+04    2.8686e-01
    378   2.3110e+04    2.7203e-01
    379   2.3120e+04    2.5641e-01
    380   2.3130e+04    2.4069e-01
    381   2.3140e+04    2.2139e-01
    382   2.3150e+04    1.9853e-01
    383   2.3160e+04    1.7828e-01
    384   2.3170e+04    1.6225e-01
    385   2.3180e+04    1.4850e-01
    386   2.3190e+04    1.3941e-01
    387   2.3200e+04    1.3625e-01
    388   2.3210e+04    1.3147e-01
    389   2.3220e+04    1.2485e-01
    390   2.3230e+04    1.1778e-01
    391   2.3240e+04    1.1070e-01
    392   2.3250e+04    1.0526e-01
    393   2.3260e+04    9.9595e-02
    394   2.3270e+04    9.3016e-02
    395   2.3280e+04    8.7684e-02
    396   2.3290e+04    8.2264e-02
    397   2.3300e+04    7.6117e-02
    398   2.3310e+04    7.1259e-02
    399   2.3320e+04    6.7010e-02
    400   2.3330e+04    6.1964e-02
    401   2.3340e+04    5.7777e-02
    402   2.3350e+04    5.4677e-02
    403   2.3360e+04    5.0763e-02
    404   2.3370e+04    4.7070e-02
    405   2.3380e+04    4.3449e-02
    406   2.3390e+04    4.0340e-02
    407   2.3400e+04    3.7399e-02
    408   2.3410e+04    3.5364e-02
    409   2.3420e+04    3.3823e-02
    410   2.3430e+04    3.2694e-02
    411   2.3440e+04    3.1438e-02
    412   2.3450e+04    2.9900e-02
    413   2.3460e+04    2.8107e-02
    414   2.3470e+04    2.6593e-02
    415   2.3480e+04    2.5165e-02
    416   2.3490e+04    2.3504e-02
    417   2.3500e+04    2.1929e-02
    418   2.3510e+04    2.0636e-02
    419   2.3520e+04    1.9406e-02
    420   2.3530e+04    1.8483e-02
    421   2.3540e+04    1.7360e-02
    422   2.3550e+04    1.6655e-02
    423   2.3560e+04    1.5836e-02
    424   2.3570e+04    1.4689e-02
    425   2.3580e+04    1.4059e-02
    426   2.3590e+04    1.3881e-02
    427   2.3600e+04    1.3234e-02
    428   2.3610e+04    1.2734e-02
    429   2.3620e+04    1.2261e-02
    430   2.3630e+04    1.1451e-02
    431   2.3640e+04    1.0712e-02
    432   2.3650e+04    1.0207e-02
    433   2.3660e+04    9.8196e-03
    434   2.3670e+04    9.2502e-03
  382 VISTA_H  +atm  lambda_c= 1.6464e+04  AB-Vega= xxxx
      1   1.4610e+04    8.0635e-03
      2   1.4620e+04    8.7794e-03
      3   1.4630e+04    8.6661e-03
      4   1.4640e+04    9.1427e-03
      5   1.4650e+04    9.3882e-03
      6   1.4660e+04    1.0778e-02
      7   1.4670e+04    1.1716e-02
      8   1.4680e+04    1.2515e-02
      9   1.4690e+04    1.2943e-02
     10   1.4700e+04    1.4259e-02
     11   1.4710e+04    1.5400e-02
     12   1.4720e+04    1.7515e-02
     13   1.4730e+04    2.0968e-02
     14   1.4740e+04    2.3958e-02
     15   1.4750e+04    2.6813e-02
     16   1.4760e+04    2.9362e-02
     17   1.4770e+04    3.2970e-02
     18   1.4780e+04    3.4855e-02
     19   1.4790e+04    3.9254e-02
     20   1.4800e+04    4.3503e-02
     21   1.4810e+04    5.1606e-02
     22   1.4820e+04    5.8579e-02
     23   1.4830e+04    6.8052e-02
     24   1.4840e+04    7.7266e-02
     25   1.4850e+04    8.6695e-02
     26   1.4860e+04    9.6197e-02
     27   1.4870e+04    1.1046e-01
     28   1.4880e+04    1.2638e-01
     29   1.4890e+04    1.4509e-01
     30   1.4900e+04    1.6635e-01
     31   1.4910e+04    1.9026e-01
     32   1.4920e+04    2.1506e-01
     33   1.4930e+04    2.3949e-01
     34   1.4940e+04    2.6603e-01
     35   1.4950e+04    2.9972e-01
     36   1.4960e+04    3.3357e-01
     37   1.4970e+04    3.7021e-01
     38   1.4980e+04    4.1312e-01
     39   1.4990e+04    4.6063e-01
     40   1.5000e+04    5.0291e-01
     41   1.5010e+04    5.4340e-01
     42   1.5020e+04    5.7648e-01
     43   1.5030e+04    6.1371e-01
     44   1.5040e+04    6.5375e-01
     45   1.5050e+04    6.9624e-01
     46   1.5060e+04    7.3542e-01
     47   1.5070e+04    7.7005e-01
     48   1.5080e+04    8.0712e-01
     49   1.5090e+04    8.3376e-01
     50   1.5100e+04    8.5498e-01
     51   1.5110e+04    8.7483e-01
     52   1.5120e+04    8.9808e-01
     53   1.5130e+04    9.0786e-01
     54   1.5140e+04    9.1459e-01
     55   1.5150e+04    9.1802e-01
     56   1.5160e+04    9.2063e-01
     57   1.5170e+04    9.2097e-01
     58   1.5180e+04    9.2079e-01
     59   1.5190e+04    9.1895e-01
     60   1.5200e+04    9.1643e-01
     61   1.5210e+04    9.1485e-01
     62   1.5220e+04    9.1203e-01
     63   1.5230e+04    9.0484e-01
     64   1.5240e+04    8.9898e-01
     65   1.5250e+04    8.9278e-01
     66   1.5260e+04    8.8570e-01
     67   1.5270e+04    8.8154e-01
     68   1.5280e+04    8.7801e-01
     69   1.5290e+04    8.7351e-01
     70   1.5300e+04    8.7252e-01
     71   1.5310e+04    8.7042e-01
     72   1.5320e+04    8.6713e-01
     73   1.5330e+04    8.6622e-01
     74   1.5340e+04    8.6577e-01
     75   1.5350e+04    8.6492e-01
     76   1.5360e+04    8.6742e-01
     77   1.5370e+04    8.6934e-01
     78   1.5380e+04    8.7172e-01
     79   1.5390e+04    8.7592e-01
     80   1.5400e+04    8.7882e-01
     81   1.5410e+04    8.8201e-01
     82   1.5420e+04    8.8763e-01
     83   1.5430e+04    8.9229e-01
     84   1.5440e+04    8.9793e-01
     85   1.5450e+04    9.0447e-01
     86   1.5460e+04    9.0899e-01
     87   1.5470e+04    9.1500e-01
     88   1.5480e+04    9.2074e-01
     89   1.5490e+04    9.2460e-01
     90   1.5500e+04    9.2982e-01
     91   1.5510e+04    9.3442e-01
     92   1.5520e+04    9.3751e-01
     93   1.5530e+04    9.4228e-01
     94   1.5540e+04    9.4578e-01
     95   1.5550e+04    9.4846e-01
     96   1.5560e+04    9.5253e-01
     97   1.5570e+04    9.5432e-01
     98   1.5580e+04    9.5614e-01
     99   1.5590e+04    9.5927e-01
    100   1.5600e+04    9.5987e-01
    101   1.5610e+04    9.6087e-01
    102   1.5620e+04    9.6252e-01
    103   1.5630e+04    9.6217e-01
    104   1.5640e+04    9.6257e-01
    105   1.5650e+04    9.6295e-01
    106   1.5660e+04    9.6127e-01
    107   1.5670e+04    9.5901e-01
    108   1.5680e+04    9.5186e-01
    109   1.5690e+04    9.4026e-01
    110   1.5700e+04    9.2760e-01
    111   1.5710e+04    9.1511e-01
    112   1.5720e+04    9.0828e-01
    113   1.5730e+04    9.1129e-01
    114   1.5740e+04    9.1627e-01
    115   1.5750e+04    9.2094e-01
    116   1.5760e+04    9.2410e-01
    117   1.5770e+04    9.2429e-01
    118   1.5780e+04    9.2118e-01
    119   1.5790e+04    9.2065e-01
    120   1.5800e+04    9.2558e-01
    121   1.5810e+04    9.3247e-01
    122   1.5820e+04    9.3962e-01
    123   1.5830e+04    9.4615e-01
    124   1.5840e+04    9.5077e-01
    125   1.5850e+04    9.5384e-01
    126   1.5860e+04    9.5603e-01
    127   1.5870e+04    9.5686e-01
    128   1.5880e+04    9.5724e-01
    129   1.5890e+04    9.5700e-01
    130   1.5900e+04    9.5707e-01
    131   1.5910e+04    9.5730e-01
    132   1.5920e+04    9.5653e-01
    133   1.5930e+04    9.5638e-01
    134   1.5940e+04    9.5598e-01
    135   1.5950e+04    9.5463e-01
    136   1.5960e+04    9.5320e-01
    137   1.5970e+04    9.4997e-01
    138   1.5980e+04    9.4351e-01
    139   1.5990e+04    9.3337e-01
    140   1.6000e+04    9.2040e-01
    141   1.6010e+04    9.0805e-01
    142   1.6020e+04    8.9970e-01
    143   1.6030e+04    8.9969e-01
    144   1.6040e+04    9.0551e-01
    145   1.6050e+04    9.1007e-01
    146   1.6060e+04    9.1307e-01
    147   1.6070e+04    9.1346e-01
    148   1.6080e+04    9.0953e-01
    149   1.6090e+04    9.0550e-01
    150   1.6100e+04    9.0725e-01
    151   1.6110e+04    9.1212e-01
    152   1.6120e+04    9.1867e-01
    153   1.6130e+04    9.2504e-01
    154   1.6140e+04    9.2999e-01
    155   1.6150e+04    9.3380e-01
    156   1.6160e+04    9.3615e-01
    157   1.6170e+04    9.3742e-01
    158   1.6180e+04    9.3825e-01
    159   1.6190e+04    9.3890e-01
    160   1.6200e+04    9.3938e-01
    161   1.6210e+04    9.3928e-01
    162   1.6220e+04    9.4001e-01
    163   1.6230e+04    9.3984e-01
    164   1.6240e+04    9.4005e-01
    165   1.6250e+04    9.4056e-01
    166   1.6260e+04    9.4041e-01
    167   1.6270e+04    9.4102e-01
    168   1.6280e+04    9.4097e-01
    169   1.6290e+04    9.4117e-01
    170   1.6300e+04    9.4107e-01
    171   1.6310e+04    9.4079e-01
    172   1.6320e+04    9.4125e-01
    173   1.6330e+04    9.4058e-01
    174   1.6340e+04    9.4108e-01
    175   1.6350e+04    9.4082e-01
    176   1.6360e+04    9.4002e-01
    177   1.6370e+04    9.3997e-01
    178   1.6380e+04    9.3779e-01
    179   1.6390e+04    9.3760e-01
    180   1.6400e+04    9.3718e-01
    181   1.6410e+04    9.3446e-01
    182   1.6420e+04    9.3425e-01
    183   1.6430e+04    9.3536e-01
    184   1.6440e+04    9.3442e-01
    185   1.6450e+04    9.3532e-01
    186   1.6460e+04    9.3746e-01
    187   1.6470e+04    9.3658e-01
    188   1.6480e+04    9.3877e-01
    189   1.6490e+04    9.3721e-01
    190   1.6500e+04    9.3743e-01
    191   1.6510e+04    9.4192e-01
    192   1.6520e+04    9.4104e-01
    193   1.6530e+04    9.4355e-01
    194   1.6540e+04    9.4786e-01
    195   1.6550e+04    9.4893e-01
    196   1.6560e+04    9.5058e-01
    197   1.6570e+04    9.5441e-01
    198   1.6580e+04    9.5594e-01
    199   1.6590e+04    9.5775e-01
    200   1.6600e+04    9.5999e-01
    201   1.6610e+04    9.5972e-01
    202   1.6620e+04    9.6213e-01
    203   1.6630e+04    9.5724e-01
    204   1.6640e+04    9.4462e-01
    205   1.6650e+04    9.4187e-01
    206   1.6660e+04    9.4265e-01
    207   1.6670e+04    9.4414e-01
    208   1.6680e+04    9.4974e-01
    209   1.6690e+04    9.6514e-01
    210   1.6700e+04    9.6959e-01
    211   1.6710e+04    9.7293e-01
    212   1.6720e+04    9.7217e-01
    213   1.6730e+04    9.7330e-01
    214   1.6740e+04    9.7534e-01
    215   1.6750e+04    9.7570e-01
    216   1.6760e+04    9.7503e-01
    217   1.6770e+04    9.7666e-01
    218   1.6780e+04    9.7928e-01
    219   1.6790e+04    9.7706e-01
    220   1.6800e+04    9.7990e-01
    221   1.6810e+04    9.8165e-01
    222   1.6820e+04    9.7923e-01
    223   1.6830e+04    9.7964e-01
    224   1.6840e+04    9.8212e-01
    225   1.6850e+04    9.8125e-01
    226   1.6860e+04    9.8062e-01
    227   1.6870e+04    9.8641e-01
    228   1.6880e+04    9.8475e-01
    229   1.6890e+04    9.8352e-01
    230   1.6900e+04    9.8328e-01
    231   1.6910e+04    9.8506e-01
    232   1.6920e+04    9.8216e-01
    233   1.6930e+04    9.8346e-01
    234   1.6940e+04    9.8594e-01
    235   1.6950e+04    9.8359e-01
    236   1.6960e+04    9.8306e-01
    237   1.6970e+04    9.8397e-01
    238   1.6980e+04    9.8412e-01
    239   1.6990e+04    9.8085e-01
    240   1.7000e+04    9.8472e-01
    241   1.7010e+04    9.8243e-01
    242   1.7020e+04    9.8293e-01
    243   1.7030e+04    9.8136e-01
    244   1.7040e+04    9.8292e-01
    245   1.7050e+04    9.7987e-01
    246   1.7060e+04    9.7880e-01
    247   1.7070e+04    9.7381e-01
    248   1.7080e+04    9.7470e-01
    249   1.7090e+04    9.7533e-01
    250   1.7100e+04    9.7785e-01
    251   1.7110e+04    9.8118e-01
    252   1.7120e+04    9.8101e-01
    253   1.7130e+04    9.8030e-01
    254   1.7140e+04    9.7751e-01
    255   1.7150e+04    9.7822e-01
    256   1.7160e+04    9.7760e-01
    257   1.7170e+04    9.8359e-01
    258   1.7180e+04    9.8413e-01
    259   1.7190e+04    9.8032e-01
    260   1.7200e+04    9.7551e-01
    261   1.7210e+04    9.7295e-01
    262   1.7220e+04    9.6488e-01
    263   1.7230e+04    9.6084e-01
    264   1.7240e+04    9.6495e-01
    265   1.7250e+04    9.6703e-01
    266   1.7260e+04    9.6767e-01
    267   1.7270e+04    9.6940e-01
    268   1.7280e+04    9.7338e-01
    269   1.7290e+04    9.7343e-01
    270   1.7300e+04    9.6190e-01
    271   1.7310e+04    9.5832e-01
    272   1.7320e+04    9.6211e-01
    273   1.7330e+04    9.5846e-01
    274   1.7340e+04    9.5137e-01
    275   1.7350e+04    9.5582e-01
    276   1.7360e+04    9.5899e-01
    277   1.7370e+04    9.5597e-01
    278   1.7380e+04    9.5202e-01
    279   1.7390e+04    9.4763e-01
    280   1.7400e+04    9.4751e-01
    281   1.7410e+04    9.4525e-01
    282   1.7420e+04    9.4033e-01
    283   1.7430e+04    9.3955e-01
    284   1.7440e+04    9.4473e-01
    285   1.7450e+04    9.2161e-01
    286   1.7460e+04    9.1619e-01
    287   1.7470e+04    9.1827e-01
    288   1.7480e+04    9.2098e-01
    289   1.7490e+04    9.1576e-01
    290   1.7500e+04    9.3298e-01
    291   1.7510e+04    9.3382e-01
    292   1.7520e+04    9.3234e-01
    293   1.7530e+04    9.1662e-01
    294   1.7540e+04    9.1729e-01
    295   1.7550e+04    9.0528e-01
    296   1.7560e+04    8.9845e-01
    297   1.7570e+04    8.9619e-01
    298   1.7580e+04    9.0679e-01
    299   1.7590e+04    8.9829e-01
    300   1.7600e+04    9.0803e-01
    301   1.7610e+04    8.9827e-01
    302   1.7620e+04    8.9375e-01
    303   1.7630e+04    8.8242e-01
    304   1.7640e+04    8.4593e-01
    305   1.7650e+04    8.4246e-01
    306   1.7660e+04    8.4824e-01
    307   1.7670e+04    8.3999e-01
    308   1.7680e+04    8.3252e-01
    309   1.7690e+04    8.5800e-01
    310   1.7700e+04    8.5393e-01
    311   1.7710e+04    8.4600e-01
    312   1.7720e+04    8.2262e-01
    313   1.7730e+04    8.1464e-01
    314   1.7740e+04    7.9439e-01
    315   1.7750e+04    7.7673e-01
    316   1.7760e+04    7.5569e-01
    317   1.7770e+04    7.3298e-01
    318   1.7780e+04    7.2294e-01
    319   1.7790e+04    7.0369e-01
    320   1.7800e+04    6.8297e-01
    321   1.7810e+04    6.7230e-01
    322   1.7820e+04    6.6404e-01
    323   1.7830e+04    6.1012e-01
    324   1.7840e+04    5.9127e-01
    325   1.7850e+04    5.6132e-01
    326   1.7860e+04    5.3447e-01
    327   1.7870e+04    5.1920e-01
    328   1.7880e+04    5.2240e-01
    329   1.7890e+04    4.9586e-01
    330   1.7900e+04    4.7082e-01
    331   1.7910e+04    4.3016e-01
    332   1.7920e+04    3.8654e-01
    333   1.7930e+04    3.5300e-01
    334   1.7940e+04    3.3284e-01
    335   1.7950e+04    3.0564e-01
    336   1.7960e+04    2.8679e-01
    337   1.7970e+04    2.7895e-01
    338   1.7980e+04    2.4446e-01
    339   1.7990e+04    2.0769e-01
    340   1.8000e+04    1.8036e-01
    341   1.8010e+04    1.5647e-01
    342   1.8020e+04    1.3106e-01
    343   1.8030e+04    1.3033e-01
    344   1.8040e+04    1.2176e-01
    345   1.8050e+04    1.1352e-01
    346   1.8060e+04    1.0570e-01
    347   1.8070e+04    9.6102e-02
    348   1.8080e+04    8.2543e-02
    349   1.8090e+04    7.6789e-02
    350   1.8100e+04    7.0029e-02
    351   1.8110e+04    5.7325e-02
    352   1.8120e+04    5.1939e-02
    353   1.8130e+04    4.4027e-02
    354   1.8140e+04    4.0821e-02
    355   1.8150e+04    3.8337e-02
    356   1.8160e+04    3.8901e-02
    357   1.8170e+04    3.1920e-02
    358   1.8180e+04    2.6902e-02
    359   1.8190e+04    2.3764e-02
    360   1.8200e+04    1.8516e-02
    361   1.8210e+04    1.5159e-02
    362   1.8220e+04    1.5654e-02
    363   1.8230e+04    1.6404e-02
    364   1.8240e+04    1.6256e-02
    365   1.8250e+04    1.6567e-02
    366   1.8260e+04    1.4588e-02
    367   1.8270e+04    9.9850e-03
    368   1.8280e+04    7.5327e-03
    369   1.8290e+04    6.7275e-03
    370   1.8300e+04    5.9939e-03
    371   1.8310e+04    5.2388e-03
    372   1.8320e+04    5.5814e-03
    373   1.8330e+04    4.8259e-03
    374   1.8340e+04    4.3101e-03
    375   1.8350e+04    3.3960e-03
    376   1.8360e+04    2.5340e-03
    377   1.8370e+04    1.8072e-03
    378   1.8380e+04    1.5854e-03
    379   1.8390e+04    1.6921e-03
    380   1.8400e+04    1.4066e-03
    381   1.8410e+04    1.9090e-03
    382   1.8420e+04    3.7520e-04
   81 COSMOS/SUBARU_filter_z.txt     lambda_c= 9.0282e+03  AB-Vega= 0.514
    1   7.92500e+03   0.00000e+00
    2   7.95500e+03   0.00000e+00
    3   7.98500e+03   3.14144e-03
    4   8.01500e+03   3.96825e-03
    5   8.04500e+03   5.11933e-03
    6   8.07500e+03   6.56349e-03
    7   8.10500e+03   8.58687e-03
    8   8.13500e+03   1.10409e-02
    9   8.16500e+03   1.46202e-02
   10   8.19500e+03   1.95608e-02
   11   8.22500e+03   2.63118e-02
   12   8.25500e+03   3.64105e-02
   13   8.28500e+03   5.06946e-02
   14   8.31500e+03   7.29505e-02
   15   8.34500e+03   1.07359e-01
   16   8.37500e+03   1.56064e-01
   17   8.40500e+03   2.23589e-01
   18   8.43500e+03   3.13619e-01
   19   8.46500e+03   4.23920e-01
   20   8.49500e+03   5.46543e-01
   21   8.52500e+03   6.70310e-01
   22   8.55500e+03   7.89266e-01
   23   8.58500e+03   8.78317e-01
   24   8.61500e+03   9.46246e-01
   25   8.64500e+03   9.78305e-01
   26   8.67500e+03   9.97324e-01
   27   8.70500e+03   1.00000e+00
   28   8.73500e+03   9.91354e-01
   29   8.76500e+03   9.74701e-01
   30   8.79500e+03   9.55361e-01
   31   8.82500e+03   9.39262e-01
   32   8.85500e+03   9.30329e-01
   33   8.88500e+03   9.24186e-01
   34   8.91500e+03   8.99689e-01
   35   8.94500e+03   8.55102e-01
   36   8.97500e+03   8.11348e-01
   37   9.00500e+03   7.95382e-01
   38   9.03500e+03   7.86087e-01
   39   9.06500e+03   7.75059e-01
   40   9.09500e+03   7.59708e-01
   41   9.12500e+03   7.44235e-01
   42   9.15500e+03   7.28966e-01
   43   9.18500e+03   7.12260e-01
   44   9.21500e+03   6.94786e-01
   45   9.24500e+03   6.77114e-01
   46   9.27500e+03   6.31434e-01
   47   9.30500e+03   5.60415e-01
   48   9.33500e+03   4.92915e-01
   49   9.36500e+03   4.65604e-01
   50   9.39500e+03   4.77666e-01
   51   9.42500e+03   4.77141e-01
   52   9.45500e+03   4.49754e-01
   53   9.48500e+03   4.41369e-01
   54   9.51500e+03   4.30302e-01
   55   9.54500e+03   4.15584e-01
   56   9.57500e+03   4.17458e-01
   57   9.60500e+03   4.22582e-01
   58   9.63500e+03   4.27269e-01
   59   9.66500e+03   4.29969e-01
   60   9.69500e+03   4.26897e-01
   61   9.72500e+03   4.02108e-01
   62   9.75500e+03   3.75779e-01
   63   9.78500e+03   3.50585e-01
   64   9.81500e+03   3.12560e-01
   65   9.84500e+03   2.60866e-01
   66   9.87500e+03   1.99854e-01
   67   9.90500e+03   1.40240e-01
   68   9.93500e+03   9.27547e-02
   69   9.96500e+03   5.85334e-02
   70   9.99500e+03   3.61113e-02
   71   1.00250e+04   2.27561e-02
   72   1.00550e+04   1.47130e-02
   73   1.00850e+04   9.96801e-03
   74   1.01150e+04   6.95122e-03
   75   1.01450e+04   4.89262e-03
   76   1.01750e+04   3.33933e-03
   77   1.02050e+04   2.30522e-03
   78   1.02350e+04   1.65976e-03
   79   1.02650e+04   1.33475e-03
   80   1.02950e+04   0.00000e+00
   81   1.03250e+04   0.00000e+00
   94 COSMOS/SUBARU_filter_i.txt     lambda_c= 7.6712e+03  AB-Vega= 0.380
    1   6.72000e+03   0.00000e+00
    2   6.74500e+03   0.00000e+00
    3   6.77000e+03   1.39040e-02
    4   6.79500e+03   3.06047e-02
    5   6.82000e+03   6.95658e-02
    6   6.84500e+03   1.30886e-01
    7   6.87000e+03   2.11269e-01
    8   6.89500e+03   3.10718e-01
    9   6.92000e+03   4.22594e-01
   10   6.94500e+03   5.32800e-01
   11   6.97000e+03   6.35089e-01
   12   6.99500e+03   7.18625e-01
   13   7.02000e+03   7.81098e-01
   14   7.04500e+03   8.26725e-01
   15   7.07000e+03   8.61027e-01
   16   7.09500e+03   8.83585e-01
   17   7.12000e+03   8.99515e-01
   18   7.14500e+03   9.04054e-01
   19   7.17000e+03   8.79297e-01
   20   7.19500e+03   8.83787e-01
   21   7.22000e+03   9.11496e-01
   22   7.24500e+03   9.26329e-01
   23   7.27000e+03   9.36304e-01
   24   7.29500e+03   9.44454e-01
   25   7.32000e+03   9.63779e-01
   26   7.34500e+03   9.80589e-01
   27   7.37000e+03   9.79404e-01
   28   7.39500e+03   9.74776e-01
   29   7.42000e+03   9.74548e-01
   30   7.44500e+03   9.71941e-01
   31   7.47000e+03   9.72585e-01
   32   7.49500e+03   9.77044e-01
   33   7.52000e+03   9.82276e-01
   34   7.54500e+03   9.84767e-01
   35   7.57000e+03   9.80978e-01
   36   7.59500e+03   7.69494e-01
   37   7.62000e+03   6.53156e-01
   38   7.64500e+03   7.29893e-01
   39   7.67000e+03   9.05297e-01
   40   7.69500e+03   9.78072e-01
   41   7.72000e+03   9.72659e-01
   42   7.74500e+03   9.73820e-01
   43   7.77000e+03   9.81162e-01
   44   7.79500e+03   9.80119e-01
   45   7.82000e+03   9.83962e-01
   46   7.84500e+03   9.93911e-01
   47   7.87000e+03   1.00000e+00
   48   7.89500e+03   9.95530e-01
   49   7.92000e+03   9.91227e-01
   50   7.94500e+03   9.86764e-01
   51   7.97000e+03   9.83162e-01
   52   7.99500e+03   9.79370e-01
   53   8.02000e+03   9.70187e-01
   54   8.04500e+03   9.58414e-01
   55   8.07000e+03   9.47319e-01
   56   8.09500e+03   9.35708e-01
   57   8.12000e+03   9.10488e-01
   58   8.14500e+03   8.84641e-01
   59   8.17000e+03   8.73511e-01
   60   8.19500e+03   8.60555e-01
   61   8.22000e+03   8.46101e-01
   62   8.24500e+03   8.30386e-01
   63   8.27000e+03   8.14203e-01
   64   8.29500e+03   7.97643e-01
   65   8.32000e+03   7.87870e-01
   66   8.34500e+03   7.72851e-01
   67   8.37000e+03   7.30515e-01
   68   8.39500e+03   6.60570e-01
   69   8.42000e+03   5.64501e-01
   70   8.44500e+03   4.49411e-01
   71   8.47000e+03   3.29720e-01
   72   8.49500e+03   2.22504e-01
   73   8.52000e+03   1.38912e-01
   74   8.54500e+03   8.14332e-02
   75   8.57000e+03   4.59043e-02
   76   8.59500e+03   2.58238e-02
   77   8.62000e+03   1.51244e-02
   78   8.64500e+03   9.68231e-03
   79   8.67000e+03   6.98078e-03
   80   8.69500e+03   5.48111e-03
   81   8.72000e+03   4.58580e-03
   82   8.74500e+03   4.02422e-03
   83   8.77000e+03   3.75567e-03
   84   8.79500e+03   3.59409e-03
   85   8.82000e+03   3.46458e-03
   86   8.84500e+03   3.21371e-03
   87   8.87000e+03   3.01427e-03
   88   8.89500e+03   2.92940e-03
   89   8.92000e+03   2.75205e-03
   90   8.94500e+03   2.56933e-03
   91   8.97000e+03   2.30192e-03
   92   8.99500e+03   2.06730e-03
   93   9.02000e+03   0.00000e+00
   94   9.04500e+03   0.00000e+00
   92 COSMOS/SUBARU_filter_r.txt     lambda_c= 6.2755e+03  AB-Vega= 0.154
    1   5.40000e+03   0.00000e+00
    2   5.42000e+03   0.00000e+00
    3   5.44000e+03   2.28037e-02
    4   5.46000e+03   4.79318e-02
    5   5.48000e+03   1.01512e-01
    6   5.50000e+03   1.76469e-01
    7   5.52000e+03   2.63315e-01
    8   5.54000e+03   3.51192e-01
    9   5.56000e+03   4.32054e-01
   10   5.58000e+03   5.05914e-01
   11   5.60000e+03   5.69461e-01
   12   5.62000e+03   6.25103e-01
   13   5.64000e+03   6.67591e-01
   14   5.66000e+03   7.00977e-01
   15   5.68000e+03   7.30138e-01
   16   5.70000e+03   7.52267e-01
   17   5.72000e+03   7.71304e-01
   18   5.74000e+03   7.95664e-01
   19   5.76000e+03   8.17624e-01
   20   5.78000e+03   8.32618e-01
   21   5.80000e+03   8.46473e-01
   22   5.82000e+03   8.56365e-01
   23   5.84000e+03   8.60311e-01
   24   5.86000e+03   8.62874e-01
   25   5.88000e+03   8.68797e-01
   26   5.90000e+03   8.77891e-01
   27   5.92000e+03   8.85563e-01
   28   5.94000e+03   8.93161e-01
   29   5.96000e+03   8.99289e-01
   30   5.98000e+03   9.03601e-01
   31   6.00000e+03   9.04365e-01
   32   6.02000e+03   9.07010e-01
   33   6.04000e+03   9.09222e-01
   34   6.06000e+03   9.07040e-01
   35   6.08000e+03   8.99456e-01
   36   6.10000e+03   8.88564e-01
   37   6.12000e+03   8.77741e-01
   38   6.14000e+03   8.71181e-01
   39   6.16000e+03   8.70466e-01
   40   6.18000e+03   8.76236e-01
   41   6.20000e+03   8.89236e-01
   42   6.22000e+03   9.06833e-01
   43   6.24000e+03   9.26956e-01
   44   6.26000e+03   9.45187e-01
   45   6.28000e+03   9.58652e-01
   46   6.30000e+03   9.68296e-01
   47   6.32000e+03   9.75089e-01
   48   6.34000e+03   9.80770e-01
   49   6.36000e+03   9.85164e-01
   50   6.38000e+03   9.87931e-01
   51   6.40000e+03   9.89731e-01
   52   6.42000e+03   9.89715e-01
   53   6.44000e+03   9.89972e-01
   54   6.46000e+03   9.90770e-01
   55   6.48000e+03   9.93121e-01
   56   6.50000e+03   9.95957e-01
   57   6.52000e+03   9.96878e-01
   58   6.54000e+03   9.98254e-01
   59   6.56000e+03   9.99160e-01
   60   6.58000e+03   9.99805e-01
   61   6.60000e+03   1.00000e+00
   62   6.62000e+03   9.98637e-01
   63   6.64000e+03   9.97300e-01
   64   6.66000e+03   9.96209e-01
   65   6.68000e+03   9.94910e-01
   66   6.70000e+03   9.93060e-01
   67   6.72000e+03   9.91118e-01
   68   6.74000e+03   9.90233e-01
   69   6.76000e+03   9.88942e-01
   70   6.78000e+03   9.82829e-01
   71   6.80000e+03   9.67097e-01
   72   6.82000e+03   9.40912e-01
   73   6.84000e+03   8.92251e-01
   74   6.86000e+03   8.34506e-01
   75   6.88000e+03   7.73447e-01
   76   6.90000e+03   7.16127e-01
   77   6.92000e+03   6.47979e-01
   78   6.94000e+03   5.64413e-01
   79   6.96000e+03   4.70693e-01
   80   6.98000e+03   3.75704e-01
   81   7.00000e+03   2.84529e-01
   82   7.02000e+03   2.07933e-01
   83   7.04000e+03   1.48945e-01
   84   7.06000e+03   1.05847e-01
   85   7.08000e+03   7.54555e-02
   86   7.10000e+03   5.43336e-02
   87   7.12000e+03   3.96474e-02
   88   7.14000e+03   2.91778e-02
   89   7.16000e+03   2.12203e-02
   90   7.18000e+03   1.57475e-02
   91   7.20000e+03   0.00000e+00
   92   7.22000e+03   0.00000e+00
  107 COSMOS/SUBARU_filter_V.txt     lambda_c= 5.4702e+03  AB-Vega=-0.000
    1   4.81000e+03   0.00000e+00
    2   4.82500e+03   0.00000e+00
    3   4.84000e+03   1.36731e-02
    4   4.85500e+03   2.67979e-02
    5   4.87000e+03   5.51486e-02
    6   4.88500e+03   9.62869e-02
    7   4.90000e+03   1.49469e-01
    8   4.91500e+03   2.10612e-01
    9   4.93000e+03   2.77110e-01
   10   4.94500e+03   3.45366e-01
   11   4.96000e+03   4.14515e-01
   12   4.97500e+03   4.77409e-01
   13   4.99000e+03   5.33397e-01
   14   5.00500e+03   5.81620e-01
   15   5.02000e+03   6.22504e-01
   16   5.03500e+03   6.55153e-01
   17   5.05000e+03   6.80499e-01
   18   5.06500e+03   7.03618e-01
   19   5.08000e+03   7.26771e-01
   20   5.09500e+03   7.47713e-01
   21   5.11000e+03   7.62031e-01
   22   5.12500e+03   7.82100e-01
   23   5.14000e+03   7.99650e-01
   24   5.15500e+03   8.13233e-01
   25   5.17000e+03   8.25238e-01
   26   5.18500e+03   8.33747e-01
   27   5.20000e+03   8.39275e-01
   28   5.21500e+03   8.48244e-01
   29   5.23000e+03   8.61380e-01
   30   5.24500e+03   8.74455e-01
   31   5.26000e+03   8.84697e-01
   32   5.27500e+03   8.96636e-01
   33   5.29000e+03   9.09529e-01
   34   5.30500e+03   9.18505e-01
   35   5.32000e+03   9.24127e-01
   36   5.33500e+03   9.26397e-01
   37   5.35000e+03   9.31677e-01
   38   5.36500e+03   9.35870e-01
   39   5.38000e+03   9.37519e-01
   40   5.39500e+03   9.44125e-01
   41   5.41000e+03   9.47902e-01
   42   5.42500e+03   9.49584e-01
   43   5.44000e+03   9.52731e-01
   44   5.45500e+03   9.54316e-01
   45   5.47000e+03   9.57659e-01
   46   5.48500e+03   9.61709e-01
   47   5.50000e+03   9.68098e-01
   48   5.51500e+03   9.72423e-01
   49   5.53000e+03   9.76808e-01
   50   5.54500e+03   9.80744e-01
   51   5.56000e+03   9.84868e-01
   52   5.57500e+03   9.86206e-01
   53   5.59000e+03   9.84301e-01
   54   5.60500e+03   9.81010e-01
   55   5.62000e+03   9.75207e-01
   56   5.63500e+03   9.69549e-01
   57   5.65000e+03   9.67554e-01
   58   5.66500e+03   9.65708e-01
   59   5.68000e+03   9.68848e-01
   60   5.69500e+03   9.81828e-01
   61   5.71000e+03   9.96236e-01
   62   5.72500e+03   1.00000e+00
   63   5.74000e+03   9.99832e-01
   64   5.75500e+03   9.95673e-01
   65   5.77000e+03   9.88267e-01
   66   5.78500e+03   9.79260e-01
   67   5.80000e+03   9.71436e-01
   68   5.81500e+03   9.65753e-01
   69   5.83000e+03   9.58833e-01
   70   5.84500e+03   9.45088e-01
   71   5.86000e+03   9.16650e-01
   72   5.87500e+03   8.67229e-01
   73   5.89000e+03   7.94868e-01
   74   5.90500e+03   7.04768e-01
   75   5.92000e+03   6.03488e-01
   76   5.93500e+03   5.01738e-01
   77   5.95000e+03   4.06934e-01
   78   5.96500e+03   3.24954e-01
   79   5.98000e+03   2.56458e-01
   80   5.99500e+03   2.01230e-01
   81   6.01000e+03   1.57409e-01
   82   6.02500e+03   1.22692e-01
   83   6.04000e+03   9.52525e-02
   84   6.05500e+03   7.35747e-02
   85   6.07000e+03   5.66259e-02
   86   6.08500e+03   4.34816e-02
   87   6.10000e+03   3.33796e-02
   88   6.11500e+03   2.57160e-02
   89   6.13000e+03   1.99224e-02
   90   6.14500e+03   1.55577e-02
   91   6.16000e+03   1.22932e-02
   92   6.17500e+03   9.83313e-03
   93   6.19000e+03   7.95014e-03
   94   6.20500e+03   6.52238e-03
   95   6.22000e+03   5.38952e-03
   96   6.23500e+03   4.50509e-03
   97   6.25000e+03   3.81540e-03
   98   6.26500e+03   3.26515e-03
   99   6.28000e+03   2.84181e-03
  100   6.29500e+03   2.50169e-03
  101   6.31000e+03   2.20720e-03
  102   6.32500e+03   1.93615e-03
  103   6.34000e+03   1.70354e-03
  104   6.35500e+03   1.50256e-03
  105   6.37000e+03   1.35867e-03
  106   6.38500e+03   0.00000e+00
  107   6.40000e+03   0.00000e+00
  118 COSMOS/SUBARU_filter_g.txt     lambda_c= 4.7609e+03  AB-Vega=-0.101
    1   3.85000e+03   0.00000e+00
    2   3.86500e+03   0.00000e+00
    3   3.88000e+03   1.05583e-02
    4   3.89500e+03   1.86074e-02
    5   3.91000e+03   3.55774e-02
    6   3.92500e+03   5.99446e-02
    7   3.94000e+03   9.08871e-02
    8   3.95500e+03   1.26765e-01
    9   3.97000e+03   1.65087e-01
   10   3.98500e+03   2.02076e-01
   11   4.00000e+03   2.38709e-01
   12   4.01500e+03   2.74964e-01
   13   4.03000e+03   3.16349e-01
   14   4.04500e+03   3.60416e-01
   15   4.06000e+03   3.95307e-01
   16   4.07500e+03   4.19371e-01
   17   4.09000e+03   4.38792e-01
   18   4.10500e+03   4.60447e-01
   19   4.12000e+03   4.87267e-01
   20   4.13500e+03   5.14098e-01
   21   4.15000e+03   5.36570e-01
   22   4.16500e+03   5.55236e-01
   23   4.18000e+03   5.72272e-01
   24   4.19500e+03   5.88941e-01
   25   4.21000e+03   6.02101e-01
   26   4.22500e+03   6.18794e-01
   27   4.24000e+03   6.35741e-01
   28   4.25500e+03   6.47960e-01
   29   4.27000e+03   6.58979e-01
   30   4.28500e+03   6.69730e-01
   31   4.30000e+03   6.79847e-01
   32   4.31500e+03   6.85370e-01
   33   4.33000e+03   6.91210e-01
   34   4.34500e+03   6.98610e-01
   35   4.36000e+03   7.10782e-01
   36   4.37500e+03   7.26252e-01
   37   4.39000e+03   7.41976e-01
   38   4.40500e+03   7.54801e-01
   39   4.42000e+03   7.66347e-01
   40   4.43500e+03   7.76002e-01
   41   4.45000e+03   7.86298e-01
   42   4.46500e+03   7.96914e-01
   43   4.48000e+03   8.03677e-01
   44   4.49500e+03   8.12166e-01
   45   4.51000e+03   8.17782e-01
   46   4.52500e+03   8.21540e-01
   47   4.54000e+03   8.26620e-01
   48   4.55500e+03   8.30394e-01
   49   4.57000e+03   8.31958e-01
   50   4.58500e+03   8.40134e-01
   51   4.60000e+03   8.49695e-01
   52   4.61500e+03   8.59293e-01
   53   4.63000e+03   8.67413e-01
   54   4.64500e+03   8.74313e-01
   55   4.66000e+03   8.79682e-01
   56   4.67500e+03   8.79783e-01
   57   4.69000e+03   8.80553e-01
   58   4.70500e+03   8.83433e-01
   59   4.72000e+03   8.85838e-01
   60   4.73500e+03   8.91218e-01
   61   4.75000e+03   8.96636e-01
   62   4.76500e+03   8.99329e-01
   63   4.78000e+03   9.02479e-01
   64   4.79500e+03   9.05842e-01
   65   4.81000e+03   9.13099e-01
   66   4.82500e+03   9.22369e-01
   67   4.84000e+03   9.32316e-01
   68   4.85500e+03   9.40349e-01
   69   4.87000e+03   9.46910e-01
   70   4.88500e+03   9.49969e-01
   71   4.90000e+03   9.47225e-01
   72   4.91500e+03   9.45464e-01
   73   4.93000e+03   9.42266e-01
   74   4.94500e+03   9.38449e-01
   75   4.96000e+03   9.38100e-01
   76   4.97500e+03   9.40208e-01
   77   4.99000e+03   9.40393e-01
   78   5.00500e+03   9.44790e-01
   79   5.02000e+03   9.53248e-01
   80   5.03500e+03   9.60338e-01
   81   5.05000e+03   9.65541e-01
   82   5.06500e+03   9.73249e-01
   83   5.08000e+03   9.80402e-01
   84   5.09500e+03   9.86855e-01
   85   5.11000e+03   9.93283e-01
   86   5.12500e+03   9.96870e-01
   87   5.14000e+03   1.00000e+00
   88   5.15500e+03   9.99947e-01
   89   5.17000e+03   9.97576e-01
   90   5.18500e+03   9.93795e-01
   91   5.20000e+03   9.90329e-01
   92   5.21500e+03   9.89022e-01
   93   5.23000e+03   9.89533e-01
   94   5.24500e+03   9.91587e-01
   95   5.26000e+03   9.94032e-01
   96   5.27500e+03   9.96841e-01
   97   5.29000e+03   9.99050e-01
   98   5.30500e+03   9.93625e-01
   99   5.32000e+03   9.72530e-01
  100   5.33500e+03   9.27287e-01
  101   5.35000e+03   8.50489e-01
  102   5.36500e+03   7.42723e-01
  103   5.38000e+03   6.12371e-01
  104   5.39500e+03   4.75555e-01
  105   5.41000e+03   3.48667e-01
  106   5.42500e+03   2.45249e-01
  107   5.44000e+03   1.67680e-01
  108   5.45500e+03   1.13895e-01
  109   5.47000e+03   7.73951e-02
  110   5.48500e+03   5.34421e-02
  111   5.50000e+03   3.75332e-02
  112   5.51500e+03   2.67183e-02
  113   5.53000e+03   1.93069e-02
  114   5.54500e+03   1.40568e-02
  115   5.56000e+03   1.03498e-02
  116   5.57500e+03   8.25286e-03
  117   5.59000e+03   0.00000e+00
  118   5.60500e+03   0.00000e+00
  161 COSMOS/SUBARU_filter_B.txt     lambda_c= 4.4480e+03  AB-Vega=-0.112
    1   3.63000e+03   0.00000e+00
    2   3.64000e+03   0.00000e+00
    3   3.65000e+03   5.19971e-03
    4   3.66000e+03   6.95818e-03
    5   3.67000e+03   9.82686e-03
    6   3.68000e+03   1.32456e-02
    7   3.69000e+03   1.73049e-02
    8   3.70000e+03   2.21525e-02
    9   3.71000e+03   2.80317e-02
   10   3.72000e+03   3.52749e-02
   11   3.73000e+03   4.43094e-02
   12   3.74000e+03   5.53524e-02
   13   3.75000e+03   6.76101e-02
   14   3.76000e+03   8.08139e-02
   15   3.77000e+03   9.47237e-02
   16   3.78000e+03   1.08509e-01
   17   3.79000e+03   1.22214e-01
   18   3.80000e+03   1.35755e-01
   19   3.81000e+03   1.48126e-01
   20   3.82000e+03   1.60511e-01
   21   3.83000e+03   1.74164e-01
   22   3.84000e+03   1.88726e-01
   23   3.85000e+03   2.05386e-01
   24   3.86000e+03   2.23945e-01
   25   3.87000e+03   2.43154e-01
   26   3.88000e+03   2.63866e-01
   27   3.89000e+03   2.84179e-01
   28   3.90000e+03   3.03208e-01
   29   3.91000e+03   3.21672e-01
   30   3.92000e+03   3.40481e-01
   31   3.93000e+03   3.59348e-01
   32   3.94000e+03   3.77971e-01
   33   3.95000e+03   3.95411e-01
   34   3.96000e+03   4.12969e-01
   35   3.97000e+03   4.31292e-01
   36   3.98000e+03   4.48816e-01
   37   3.99000e+03   4.66035e-01
   38   4.00000e+03   4.80257e-01
   39   4.01000e+03   4.90110e-01
   40   4.02000e+03   5.00620e-01
   41   4.03000e+03   5.11841e-01
   42   4.04000e+03   5.21619e-01
   43   4.05000e+03   5.28903e-01
   44   4.06000e+03   5.36726e-01
   45   4.07000e+03   5.45679e-01
   46   4.08000e+03   5.55671e-01
   47   4.09000e+03   5.65771e-01
   48   4.10000e+03   5.76500e-01
   49   4.11000e+03   5.88254e-01
   50   4.12000e+03   5.99647e-01
   51   4.13000e+03   6.10751e-01
   52   4.14000e+03   6.24268e-01
   53   4.15000e+03   6.37335e-01
   54   4.16000e+03   6.48494e-01
   55   4.17000e+03   6.57950e-01
   56   4.18000e+03   6.67743e-01
   57   4.19000e+03   6.79540e-01
   58   4.20000e+03   6.90694e-01
   59   4.21000e+03   6.98751e-01
   60   4.22000e+03   7.02875e-01
   61   4.23000e+03   7.05588e-01
   62   4.24000e+03   7.07198e-01
   63   4.25000e+03   7.10063e-01
   64   4.26000e+03   7.16137e-01
   65   4.27000e+03   7.22652e-01
   66   4.28000e+03   7.28604e-01
   67   4.29000e+03   7.35190e-01
   68   4.30000e+03   7.43854e-01
   69   4.31000e+03   7.53528e-01
   70   4.32000e+03   7.63680e-01
   71   4.33000e+03   7.74022e-01
   72   4.34000e+03   7.81278e-01
   73   4.35000e+03   7.88806e-01
   74   4.36000e+03   8.00090e-01
   75   4.37000e+03   8.11002e-01
   76   4.38000e+03   8.20906e-01
   77   4.39000e+03   8.29332e-01
   78   4.40000e+03   8.37786e-01
   79   4.41000e+03   8.47322e-01
   80   4.42000e+03   8.53372e-01
   81   4.43000e+03   8.57096e-01
   82   4.44000e+03   8.60413e-01
   83   4.45000e+03   8.63002e-01
   84   4.46000e+03   8.65367e-01
   85   4.47000e+03   8.69222e-01
   86   4.48000e+03   8.75955e-01
   87   4.49000e+03   8.83579e-01
   88   4.50000e+03   8.91134e-01
   89   4.51000e+03   8.96425e-01
   90   4.52000e+03   9.01829e-01
   91   4.53000e+03   9.07649e-01
   92   4.54000e+03   9.14042e-01
   93   4.55000e+03   9.21100e-01
   94   4.56000e+03   9.28814e-01
   95   4.57000e+03   9.33402e-01
   96   4.58000e+03   9.37282e-01
   97   4.59000e+03   9.41884e-01
   98   4.60000e+03   9.43833e-01
   99   4.61000e+03   9.44483e-01
  100   4.62000e+03   9.41733e-01
  101   4.63000e+03   9.36889e-01
  102   4.64000e+03   9.32009e-01
  103   4.65000e+03   9.27388e-01
  104   4.66000e+03   9.23695e-01
  105   4.67000e+03   9.22195e-01
  106   4.68000e+03   9.23399e-01
  107   4.69000e+03   9.26904e-01
  108   4.70000e+03   9.33145e-01
  109   4.71000e+03   9.39571e-01
  110   4.72000e+03   9.45854e-01
  111   4.73000e+03   9.53442e-01
  112   4.74000e+03   9.61856e-01
  113   4.75000e+03   9.71689e-01
  114   4.76000e+03   9.88285e-01
  115   4.77000e+03   9.94988e-01
  116   4.78000e+03   9.98692e-01
  117   4.79000e+03   1.00000e+00
  118   4.80000e+03   9.98898e-01
  119   4.81000e+03   9.96052e-01
  120   4.82000e+03   9.91389e-01
  121   4.83000e+03   9.83585e-01
  122   4.84000e+03   9.69705e-01
  123   4.85000e+03   9.45720e-01
  124   4.86000e+03   9.07690e-01
  125   4.87000e+03   8.53846e-01
  126   4.88000e+03   7.84575e-01
  127   4.89000e+03   7.01983e-01
  128   4.90000e+03   6.10988e-01
  129   4.91000e+03   5.18475e-01
  130   4.92000e+03   4.29112e-01
  131   4.93000e+03   3.47005e-01
  132   4.94000e+03   2.75052e-01
  133   4.95000e+03   2.14409e-01
  134   4.96000e+03   1.64668e-01
  135   4.97000e+03   1.25041e-01
  136   4.98000e+03   9.44423e-02
  137   4.99000e+03   7.11207e-02
  138   5.00000e+03   5.36014e-02
  139   5.01000e+03   4.05642e-02
  140   5.02000e+03   3.09526e-02
  141   5.03000e+03   2.38679e-02
  142   5.04000e+03   1.86563e-02
  143   5.05000e+03   1.48431e-02
  144   5.06000e+03   1.20394e-02
  145   5.07000e+03   9.96546e-03
  146   5.08000e+03   8.43115e-03
  147   5.09000e+03   7.26792e-03
  148   5.10000e+03   6.33988e-03
  149   5.11000e+03   5.60135e-03
  150   5.12000e+03   5.00483e-03
  151   5.13000e+03   4.48200e-03
  152   5.14000e+03   4.02101e-03
  153   5.15000e+03   3.62501e-03
  154   5.16000e+03   3.26703e-03
  155   5.17000e+03   2.90838e-03
  156   5.18000e+03   2.56035e-03
  157   5.19000e+03   2.23763e-03
  158   5.20000e+03   1.94718e-03
  159   5.21000e+03   1.75365e-03
  160   5.22000e+03   0.00000e+00
  161   5.23000e+03   0.00000e+00
  132 megaprime/cfht_mega_u_cfh9301.dat  CFHT-LS+atm  lambda_c= 3.8280e+03  AB-Vega= 0.325
    1   2.96000e+03   0.00000e+00
    2   2.98000e+03   0.00000e+00
    3   3.00000e+03   8.19693e-08
    4   3.02000e+03   1.87767e-11
    5   3.04000e+03   3.36953e-11
    6   3.06000e+03   4.74755e-11
    7   3.08000e+03   6.05581e-11
    8   3.10000e+03   7.31510e-11
    9   3.12000e+03   8.53631e-11
   10   3.14000e+03   9.72712e-11
   11   3.16000e+03   1.11935e-10
   12   3.18000e+03   6.86978e-05
   13   3.20000e+03   2.05505e-04
   14   3.22000e+03   4.01238e-04
   15   3.24000e+03   8.32675e-04
   16   3.26000e+03   2.02560e-03
   17   3.28000e+03   5.74384e-03
   18   3.30000e+03   1.74018e-02
   19   3.32000e+03   4.42867e-02
   20   3.34000e+03   8.25578e-02
   21   3.36000e+03   1.32382e-01
   22   3.38000e+03   1.87304e-01
   23   3.40000e+03   2.40497e-01
   24   3.42000e+03   2.85419e-01
   25   3.44000e+03   3.24193e-01
   26   3.46000e+03   3.62670e-01
   27   3.48000e+03   4.04515e-01
   28   3.50000e+03   4.50992e-01
   29   3.52000e+03   4.94453e-01
   30   3.54000e+03   5.33851e-01
   31   3.56000e+03   5.62178e-01
   32   3.58000e+03   5.83317e-01
   33   3.60000e+03   6.02471e-01
   34   3.62000e+03   6.19667e-01
   35   3.64000e+03   6.31993e-01
   36   3.66000e+03   6.38646e-01
   37   3.68000e+03   6.34382e-01
   38   3.70000e+03   6.21075e-01
   39   3.72000e+03   6.05781e-01
   40   3.74000e+03   5.98126e-01
   41   3.76000e+03   6.07987e-01
   42   3.78000e+03   6.40044e-01
   43   3.80000e+03   6.90028e-01
   44   3.82000e+03   7.52245e-01
   45   3.84000e+03   8.11894e-01
   46   3.86000e+03   8.56798e-01
   47   3.88000e+03   8.82172e-01
   48   3.90000e+03   8.91964e-01
   49   3.92000e+03   8.99035e-01
   50   3.94000e+03   9.13199e-01
   51   3.96000e+03   9.39187e-01
   52   3.98000e+03   9.71378e-01
   53   4.00000e+03   9.93692e-01
   54   4.02000e+03   1.00000e+00
   55   4.04000e+03   9.83560e-01
   56   4.06000e+03   9.36029e-01
   57   4.08000e+03   8.49840e-01
   58   4.10000e+03   7.27127e-01
   59   4.12000e+03   5.77775e-01
   60   4.14000e+03   4.23078e-01
   61   4.16000e+03   2.84678e-01
   62   4.18000e+03   1.77522e-01
   63   4.20000e+03   1.05265e-01
   64   4.22000e+03   6.13614e-02
   65   4.24000e+03   3.66119e-02
   66   4.26000e+03   2.28824e-02
   67   4.28000e+03   1.49668e-02
   68   4.30000e+03   1.02779e-02
   69   4.32000e+03   7.40053e-03
   70   4.34000e+03   5.49179e-03
   71   4.36000e+03   4.31976e-03
   72   4.38000e+03   3.51555e-03
   73   4.40000e+03   2.92577e-03
   74   4.42000e+03   2.52454e-03
   75   4.44000e+03   2.20073e-03
   76   4.46000e+03   1.93736e-03
   77   4.48000e+03   1.66883e-03
   78   4.50000e+03   1.42912e-03
   79   4.52000e+03   1.18410e-03
   80   4.54000e+03   9.49955e-04
   81   4.56000e+03   7.63379e-04
   82   4.58000e+03   6.09955e-04
   83   4.60000e+03   5.42662e-04
   84   4.62000e+03   4.74544e-04
   85   4.64000e+03   4.58756e-04
   86   4.66000e+03   4.60531e-04
   87   4.68000e+03   4.62307e-04
   88   4.70000e+03   4.64135e-04
   89   4.72000e+03   4.83646e-04
   90   4.74000e+03   5.21262e-04
   91   4.76000e+03   5.59123e-04
   92   4.78000e+03   6.15324e-04
   93   4.80000e+03   6.71911e-04
   94   4.82000e+03   7.28752e-04
   95   4.84000e+03   8.40796e-04
   96   4.86000e+03   1.00858e-03
   97   4.88000e+03   1.28780e-03
   98   4.90000e+03   1.80878e-03
   99   4.92000e+03   2.62814e-03
  100   4.94000e+03   4.02730e-03
  101   4.96000e+03   6.04837e-03
  102   4.98000e+03   8.86433e-03
  103   5.00000e+03   1.22009e-02
  104   5.02000e+03   1.56198e-02
  105   5.04000e+03   1.85402e-02
  106   5.06000e+03   2.02476e-02
  107   5.08000e+03   2.02832e-02
  108   5.10000e+03   1.87330e-02
  109   5.12000e+03   1.60416e-02
  110   5.14000e+03   1.28292e-02
  111   5.16000e+03   9.70040e-03
  112   5.18000e+03   6.99801e-03
  113   5.20000e+03   4.85762e-03
  114   5.22000e+03   3.33948e-03
  115   5.24000e+03   2.38952e-03
  116   5.26000e+03   1.87663e-03
  117   5.28000e+03   1.72430e-03
  118   5.30000e+03   1.76195e-03
  119   5.32000e+03   1.95123e-03
  120   5.34000e+03   2.15913e-03
  121   5.36000e+03   2.30930e-03
  122   5.38000e+03   2.36379e-03
  123   5.40000e+03   2.30388e-03
  124   5.42000e+03   2.16723e-03
  125   5.44000e+03   2.08791e-03
  126   5.46000e+03   2.04677e-03
  127   5.48000e+03   2.15708e-03
  128   5.50000e+03   2.51263e-03
  129   5.52000e+03   3.01797e-03
  130   5.54000e+03   3.65356e-03
  131   5.56000e+03   0.00000e+00
  132   5.58000e+03   0.00000e+00
   32 Subaru_MB/IA484.dat     lambda_c= 4.8473e+03  AB-Vega=-0.037
    1   4.60500e+03   0.00000e+00
    2   4.62000e+03   0.00000e+00
    3   4.63500e+03   1.66658e-03
    4   4.65000e+03   3.41114e-03
    5   4.66500e+03   8.29890e-03
    6   4.68000e+03   2.26120e-02
    7   4.69500e+03   6.74816e-02
    8   4.71000e+03   1.83590e-01
    9   4.72500e+03   3.95887e-01
   10   4.74000e+03   6.42087e-01
   11   4.75500e+03   8.18815e-01
   12   4.77000e+03   8.99063e-01
   13   4.78500e+03   9.19379e-01
   14   4.80000e+03   9.39821e-01
   15   4.81500e+03   9.47944e-01
   16   4.83000e+03   9.54730e-01
   17   4.84500e+03   9.64919e-01
   18   4.86000e+03   9.82156e-01
   19   4.87500e+03   9.95450e-01
   20   4.89000e+03   9.96151e-01
   21   4.90500e+03   1.00000e+00
   22   4.92000e+03   9.90555e-01
   23   4.93500e+03   9.07253e-01
   24   4.95000e+03   7.10295e-01
   25   4.96500e+03   4.40064e-01
   26   4.98000e+03   2.02438e-01
   27   4.99500e+03   7.38883e-02
   28   5.01000e+03   2.69543e-02
   29   5.02500e+03   1.13207e-02
   30   5.04000e+03   6.11233e-03
   31   5.05500e+03   0.00000e+00
   32   5.07000e+03   0.00000e+00
   35 Subaru_MB/IA527.dat     lambda_c= 5.2593e+03  AB-Vega=-0.035
    1   4.99500e+03   0.00000e+00
    2   5.01000e+03   0.00000e+00
    3   5.02500e+03   2.45650e-03
    4   5.04000e+03   5.12260e-03
    5   5.05500e+03   1.20836e-02
    6   5.07000e+03   2.66637e-02
    7   5.08500e+03   5.60942e-02
    8   5.10000e+03   1.14501e-01
    9   5.11500e+03   2.20654e-01
   10   5.13000e+03   3.90990e-01
   11   5.14500e+03   6.07107e-01
   12   5.16000e+03   8.09375e-01
   13   5.17500e+03   9.30959e-01
   14   5.19000e+03   9.69443e-01
   15   5.20500e+03   9.77584e-01
   16   5.22000e+03   9.85822e-01
   17   5.23500e+03   9.97098e-01
   18   5.25000e+03   1.00000e+00
   19   5.26500e+03   9.88534e-01
   20   5.28000e+03   9.81286e-01
   21   5.29500e+03   9.73430e-01
   22   5.31000e+03   9.83485e-01
   23   5.32500e+03   9.82280e-01
   24   5.34000e+03   9.32338e-01
   25   5.35500e+03   8.22457e-01
   26   5.37000e+03   6.44184e-01
   27   5.38500e+03   4.42539e-01
   28   5.40000e+03   2.73150e-01
   29   5.41500e+03   1.57900e-01
   30   5.43000e+03   8.63803e-02
   31   5.44500e+03   4.39211e-02
   32   5.46000e+03   2.14750e-02
   33   5.47500e+03   1.19237e-02
   34   5.49000e+03   0.00000e+00
   35   5.50500e+03   0.00000e+00
   33 Subaru_MB/IA624.dat     lambda_c= 6.2308e+03  AB-Vega= 0.142
    1   5.90000e+03   0.00000e+00
    2   5.92000e+03   0.00000e+00
    3   5.94000e+03   2.09717e-03
    4   5.96000e+03   4.21507e-03
    5   5.98000e+03   9.42496e-03
    6   6.00000e+03   1.96393e-02
    7   6.02000e+03   4.26614e-02
    8   6.04000e+03   1.00154e-01
    9   6.06000e+03   2.40140e-01
   10   6.08000e+03   4.90083e-01
   11   6.10000e+03   7.67005e-01
   12   6.12000e+03   9.37282e-01
   13   6.14000e+03   9.78003e-01
   14   6.16000e+03   9.56906e-01
   15   6.18000e+03   9.37189e-01
   16   6.20000e+03   9.62028e-01
   17   6.22000e+03   1.00000e+00
   18   6.24000e+03   9.85961e-01
   19   6.26000e+03   9.48370e-01
   20   6.28000e+03   9.11598e-01
   21   6.30000e+03   9.23553e-01
   22   6.32000e+03   9.42134e-01
   23   6.34000e+03   9.03295e-01
   24   6.36000e+03   7.64777e-01
   25   6.38000e+03   5.23188e-01
   26   6.40000e+03   2.83498e-01
   27   6.42000e+03   1.36696e-01
   28   6.44000e+03   6.86567e-02
   29   6.46000e+03   3.64209e-02
   30   6.48000e+03   2.06275e-02
   31   6.50000e+03   1.07161e-02
   32   6.52000e+03   0.00000e+00
   33   6.54000e+03   0.00000e+00
   39 Subaru_MB/IA679.dat     lambda_c= 6.7816e+03  AB-Vega= 0.245
    1   6.43000e+03   0.00000e+00
    2   6.45000e+03   0.00000e+00
    3   6.47000e+03   1.74612e-03
    4   6.49000e+03   4.64584e-03
    5   6.51000e+03   9.34753e-03
    6   6.53000e+03   1.95780e-02
    7   6.55000e+03   4.52534e-02
    8   6.57000e+03   1.07370e-01
    9   6.59000e+03   2.43582e-01
   10   6.61000e+03   4.71698e-01
   11   6.63000e+03   7.24084e-01
   12   6.65000e+03   8.90790e-01
   13   6.67000e+03   9.65099e-01
   14   6.69000e+03   9.48526e-01
   15   6.71000e+03   9.27379e-01
   16   6.73000e+03   9.31222e-01
   17   6.75000e+03   9.74609e-01
   18   6.77000e+03   9.94899e-01
   19   6.79000e+03   1.00000e+00
   20   6.81000e+03   9.69640e-01
   21   6.83000e+03   9.51600e-01
   22   6.85000e+03   9.76986e-01
   23   6.87000e+03   9.64503e-01
   24   6.89000e+03   9.44675e-01
   25   6.91000e+03   8.83613e-01
   26   6.93000e+03   7.28407e-01
   27   6.95000e+03   4.95989e-01
   28   6.97000e+03   2.83778e-01
   29   6.99000e+03   1.46124e-01
   30   7.01000e+03   7.09017e-02
   31   7.03000e+03   3.35746e-02
   32   7.05000e+03   1.87011e-02
   33   7.07000e+03   9.67964e-03
   34   7.09000e+03   4.90861e-03
   35   7.11000e+03   4.19747e-03
   36   7.13000e+03   1.89175e-03
   37   7.15000e+03   1.20042e-03
   38   7.17000e+03   0.00000e+00
   39   7.19000e+03   0.00000e+00
   32 Subaru_MB/IA738.dat     lambda_c= 7.3595e+03  AB-Vega= 0.334
    1   7.04000e+03   0.00000e+00
    2   7.06000e+03   0.00000e+00
    3   7.08000e+03   2.16895e-03
    4   7.10000e+03   4.57061e-03
    5   7.12000e+03   1.25949e-02
    6   7.14000e+03   3.76338e-02
    7   7.16000e+03   1.10773e-01
    8   7.18000e+03   2.77559e-01
    9   7.20000e+03   5.28428e-01
   10   7.22000e+03   7.78478e-01
   11   7.24000e+03   9.19686e-01
   12   7.26000e+03   9.71084e-01
   13   7.28000e+03   9.86044e-01
   14   7.30000e+03   9.65102e-01
   15   7.32000e+03   9.72869e-01
   16   7.34000e+03   9.79372e-01
   17   7.36000e+03   9.98615e-01
   18   7.38000e+03   1.00000e+00
   19   7.40000e+03   9.78300e-01
   20   7.42000e+03   9.52462e-01
   21   7.44000e+03   9.23093e-01
   22   7.46000e+03   9.01838e-01
   23   7.48000e+03   8.30577e-01
   24   7.50000e+03   7.11866e-01
   25   7.52000e+03   5.41503e-01
   26   7.54000e+03   3.26175e-01
   27   7.56000e+03   1.60324e-01
   28   7.58000e+03   6.69464e-02
   29   7.60000e+03   2.62410e-02
   30   7.62000e+03   1.31272e-02
   31   7.64000e+03   0.00000e+00
   32   7.66000e+03   0.00000e+00
   28 Subaru_MB/IA768.dat     lambda_c= 7.6804e+03  AB-Vega= 0.387
    1   7.31500e+03   0.00000e+00
    2   7.34000e+03   0.00000e+00
    3   7.36500e+03   1.39169e-03
    4   7.39000e+03   4.04504e-03
    5   7.41500e+03   1.25991e-02
    6   7.44000e+03   5.44108e-02
    7   7.46500e+03   1.82077e-01
    8   7.49000e+03   4.24876e-01
    9   7.51500e+03   6.84836e-01
   10   7.54000e+03   8.47649e-01
   11   7.56500e+03   9.22878e-01
   12   7.59000e+03   9.43474e-01
   13   7.61500e+03   9.49998e-01
   14   7.64000e+03   9.58108e-01
   15   7.66500e+03   9.77545e-01
   16   7.69000e+03   9.94917e-01
   17   7.71500e+03   9.90102e-01
   18   7.74000e+03   9.89294e-01
   19   7.76500e+03   1.00000e+00
   20   7.79000e+03   9.96016e-01
   21   7.81500e+03   9.42006e-01
   22   7.84000e+03   7.68812e-01
   23   7.86500e+03   4.65131e-01
   24   7.89000e+03   1.88689e-01
   25   7.91500e+03   5.30810e-02
   26   7.94000e+03   2.07003e-02
   27   7.96500e+03   0.00000e+00
   28   7.99000e+03   0.00000e+00
   39 Subaru_MB/IA427.dat     lambda_c= 4.2600e+03  AB-Vega=-0.161
    1   4.06500e+03   0.00000e+00
    2   4.07500e+03   0.00000e+00
    3   4.08500e+03   2.10861e-03
    4   4.09500e+03   3.64357e-03
    5   4.10500e+03   8.24982e-03
    6   4.11500e+03   2.19828e-02
    7   4.12500e+03   6.26865e-02
    8   4.13500e+03   1.54222e-01
    9   4.14500e+03   3.07824e-01
   10   4.15500e+03   5.06603e-01
   11   4.16500e+03   6.99210e-01
   12   4.17500e+03   8.38932e-01
   13   4.18500e+03   9.14922e-01
   14   4.19500e+03   9.34761e-01
   15   4.20500e+03   9.25454e-01
   16   4.21500e+03   9.20016e-01
   17   4.22500e+03   9.24332e-01
   18   4.23500e+03   9.39198e-01
   19   4.24500e+03   9.55030e-01
   20   4.25500e+03   9.68794e-01
   21   4.26500e+03   9.76843e-01
   22   4.27500e+03   9.79817e-01
   23   4.28500e+03   9.81677e-01
   24   4.29500e+03   9.85378e-01
   25   4.30500e+03   9.87734e-01
   26   4.31500e+03   1.00000e+00
   27   4.32500e+03   9.85089e-01
   28   4.33500e+03   9.28200e-01
   29   4.34500e+03   8.25156e-01
   30   4.35500e+03   6.72960e-01
   31   4.36500e+03   4.86612e-01
   32   4.37500e+03   3.00695e-01
   33   4.38500e+03   1.53193e-01
   34   4.39500e+03   6.46336e-02
   35   4.40500e+03   2.46474e-02
   36   4.41500e+03   9.77972e-03
   37   4.42500e+03   5.14881e-03
   38   4.43500e+03   0.00000e+00
   39   4.44500e+03   0.00000e+00
   28 Subaru_MB/IA464.dat     lambda_c= 4.6333e+03  AB-Vega=-0.167
    1   4.43000e+03   0.00000e+00
    2   4.44500e+03   0.00000e+00
    3   4.46000e+03   2.57014e-03
    4   4.47500e+03   8.49281e-03
    5   4.49000e+03   3.82940e-02
    6   4.50500e+03   1.53824e-01
    7   4.52000e+03   4.14875e-01
    8   4.53500e+03   7.18619e-01
    9   4.55000e+03   8.94668e-01
   10   4.56500e+03   9.48877e-01
   11   4.58000e+03   9.75463e-01
   12   4.59500e+03   9.97901e-01
   13   4.61000e+03   9.99816e-01
   14   4.62500e+03   1.00000e+00
   15   4.64000e+03   9.96001e-01
   16   4.65500e+03   9.97130e-01
   17   4.67000e+03   9.79620e-01
   18   4.68500e+03   9.53780e-01
   19   4.70000e+03   9.08723e-01
   20   4.71500e+03   8.19715e-01
   21   4.73000e+03   6.65300e-01
   22   4.74500e+03   4.57427e-01
   23   4.76000e+03   2.50640e-01
   24   4.77500e+03   1.06224e-01
   25   4.79000e+03   3.77786e-02
   26   4.80500e+03   1.63330e-02
   27   4.82000e+03   0.00000e+00
   28   4.83500e+03   0.00000e+00
   34 Subaru_MB/IA505.dat     lambda_c= 5.0608e+03  AB-Vega=-0.077
    1   4.80000e+03   0.00000e+00
    2   4.81500e+03   0.00000e+00
    3   4.83000e+03   1.32720e-03
    4   4.84500e+03   2.57197e-03
    5   4.86000e+03   5.39940e-03
    6   4.87500e+03   1.21566e-02
    7   4.89000e+03   2.76749e-02
    8   4.90500e+03   6.91015e-02
    9   4.92000e+03   1.71393e-01
   10   4.93500e+03   3.63545e-01
   11   4.95000e+03   6.00625e-01
   12   4.96500e+03   7.91823e-01
   13   4.98000e+03   8.68084e-01
   14   4.99500e+03   8.93014e-01
   15   5.01000e+03   9.25589e-01
   16   5.02500e+03   9.49468e-01
   17   5.04000e+03   9.69786e-01
   18   5.05500e+03   9.76703e-01
   19   5.07000e+03   9.80631e-01
   20   5.08500e+03   9.91249e-01
   21   5.10000e+03   1.00000e+00
   22   5.11500e+03   9.98475e-01
   23   5.13000e+03   9.68288e-01
   24   5.14500e+03   8.90443e-01
   25   5.16000e+03   7.34290e-01
   26   5.17500e+03   5.19959e-01
   27   5.19000e+03   3.01024e-01
   28   5.20500e+03   1.39127e-01
   29   5.22000e+03   5.60855e-02
   30   5.23500e+03   2.29724e-02
   31   5.25000e+03   1.05344e-02
   32   5.26500e+03   6.19128e-03
   33   5.28000e+03   0.00000e+00
   34   5.29500e+03   0.00000e+00
   42 Subaru_MB/IA574.dat     lambda_c= 5.7629e+03  AB-Vega= 0.054
    1   5.44000e+03   0.00000e+00
    2   5.45500e+03   0.00000e+00
    3   5.47000e+03   4.52476e-04
    4   5.48500e+03   7.05520e-04
    5   5.50000e+03   2.24821e-03
    6   5.51500e+03   1.37532e-03
    7   5.53000e+03   3.45718e-03
    8   5.54500e+03   1.00509e-02
    9   5.56000e+03   2.38230e-02
   10   5.57500e+03   5.05518e-02
   11   5.59000e+03   1.10002e-01
   12   5.60500e+03   2.32827e-01
   13   5.62000e+03   4.28156e-01
   14   5.63500e+03   6.64796e-01
   15   5.65000e+03   8.44008e-01
   16   5.66500e+03   9.24856e-01
   17   5.68000e+03   9.35029e-01
   18   5.69500e+03   9.29937e-01
   19   5.71000e+03   9.31282e-01
   20   5.72500e+03   9.49328e-01
   21   5.74000e+03   9.46323e-01
   22   5.75500e+03   9.32458e-01
   23   5.77000e+03   9.24591e-01
   24   5.78500e+03   9.29027e-01
   25   5.80000e+03   9.47563e-01
   26   5.81500e+03   9.64431e-01
   27   5.83000e+03   9.87883e-01
   28   5.84500e+03   1.00000e+00
   29   5.86000e+03   9.51475e-01
   30   5.87500e+03   8.32455e-01
   31   5.89000e+03   6.37438e-01
   32   5.90500e+03   4.07955e-01
   33   5.92000e+03   2.30751e-01
   34   5.93500e+03   1.27179e-01
   35   5.95000e+03   6.84940e-02
   36   5.96500e+03   3.63461e-02
   37   5.98000e+03   1.83990e-02
   38   5.99500e+03   1.13857e-02
   39   6.01000e+03   6.18958e-03
   40   6.02500e+03   4.83960e-03
   41   6.04000e+03   0.00000e+00
   42   6.05500e+03   0.00000e+00
   33 Subaru_MB/IA709.dat     lambda_c= 7.0735e+03  AB-Vega= 0.287
    1   6.76000e+03   0.00000e+00
    2   6.78000e+03   0.00000e+00
    3   6.80000e+03   2.87212e-03
    4   6.82000e+03   6.56026e-03
    5   6.84000e+03   2.04968e-02
    6   6.86000e+03   6.50594e-02
    7   6.88000e+03   1.73535e-01
    8   6.90000e+03   3.65067e-01
    9   6.92000e+03   5.98976e-01
   10   6.94000e+03   7.89163e-01
   11   6.96000e+03   8.91239e-01
   12   6.98000e+03   9.26427e-01
   13   7.00000e+03   9.45248e-01
   14   7.02000e+03   9.71682e-01
   15   7.04000e+03   9.85116e-01
   16   7.06000e+03   9.87023e-01
   17   7.08000e+03   9.83529e-01
   18   7.10000e+03   9.85901e-01
   19   7.12000e+03   9.91580e-01
   20   7.14000e+03   1.00000e+00
   21   7.16000e+03   9.77783e-01
   22   7.18000e+03   9.15296e-01
   23   7.20000e+03   7.97346e-01
   24   7.22000e+03   6.18189e-01
   25   7.24000e+03   4.20590e-01
   26   7.26000e+03   2.44483e-01
   27   7.28000e+03   1.21441e-01
   28   7.30000e+03   5.39731e-02
   29   7.32000e+03   2.30246e-02
   30   7.34000e+03   1.03482e-02
   31   7.36000e+03   5.57386e-03
   32   7.38000e+03   0.00000e+00
   33   7.40000e+03   0.00000e+00
   25 Subaru_MB/IA827.dat     lambda_c= 8.2468e+03  AB-Vega= 0.475
    1   7.92500e+03   0.00000e+00
    2   7.95000e+03   0.00000e+00
    3   7.97500e+03   4.34936e-03
    4   8.00000e+03   1.23561e-02
    5   8.02500e+03   5.92565e-02
    6   8.05000e+03   2.10150e-01
    7   8.07500e+03   4.85065e-01
    8   8.10000e+03   7.67371e-01
    9   8.12500e+03   9.20886e-01
   10   8.15000e+03   9.70671e-01
   11   8.17500e+03   9.96314e-01
   12   8.20000e+03   9.97368e-01
   13   8.22500e+03   9.87519e-01
   14   8.25000e+03   9.86033e-01
   15   8.27500e+03   9.93384e-01
   16   8.30000e+03   1.00000e+00
   17   8.32500e+03   9.95901e-01
   18   8.35000e+03   9.73376e-01
   19   8.37500e+03   8.84372e-01
   20   8.40000e+03   6.86753e-01
   21   8.42500e+03   4.15156e-01
   22   8.45000e+03   1.78692e-01
   23   8.47500e+03   7.34544e-02
   24   8.50000e+03   0.00000e+00
   25   8.52500e+03   0.00000e+00
   94 IRAC/irac_tr1_2004-08-09.dat  3.6micron  lambda_c= 3.5569e+04  AB-Vega= 2.781
    1   2.99000e+04   0.00000e+00
    2   3.00150e+04   0.00000e+00
    3   3.01300e+04   8.84446e-04
    4   3.02450e+04   9.63419e-04
    5   3.03600e+04   8.86862e-04
    6   3.04750e+04   6.94300e-04
    7   3.05900e+04   9.06367e-04
    8   3.07050e+04   1.12631e-03
    9   3.08200e+04   6.05025e-04
   10   3.09350e+04   5.86498e-04
   11   3.10500e+04   1.42326e-03
   12   3.11650e+04   3.89801e-03
   13   3.12800e+04   8.75296e-03
   14   3.13950e+04   2.05996e-02
   15   3.15100e+04   5.44916e-02
   16   3.16250e+04   1.44464e-01
   17   3.17400e+04   3.49450e-01
   18   3.18550e+04   6.05832e-01
   19   3.19700e+04   7.64103e-01
   20   3.20850e+04   7.90115e-01
   21   3.22000e+04   7.59374e-01
   22   3.23150e+04   7.33731e-01
   23   3.24300e+04   7.40967e-01
   24   3.25450e+04   7.78215e-01
   25   3.26600e+04   8.25367e-01
   26   3.27750e+04   8.64017e-01
   27   3.28900e+04   8.80202e-01
   28   3.30050e+04   8.77701e-01
   29   3.31200e+04   8.66544e-01
   30   3.32350e+04   8.56545e-01
   31   3.33500e+04   8.57316e-01
   32   3.34650e+04   8.59978e-01
   33   3.35800e+04   8.57644e-01
   34   3.36950e+04   8.50887e-01
   35   3.38100e+04   8.49569e-01
   36   3.39250e+04   8.65107e-01
   37   3.40400e+04   8.93620e-01
   38   3.41550e+04   9.17757e-01
   39   3.42700e+04   9.25195e-01
   40   3.43850e+04   9.09902e-01
   41   3.45000e+04   8.87428e-01
   42   3.46150e+04   8.76055e-01
   43   3.47300e+04   8.80175e-01
   44   3.48450e+04   9.03212e-01
   45   3.49600e+04   9.32112e-01
   46   3.50750e+04   9.56411e-01
   47   3.51900e+04   9.74340e-01
   48   3.53050e+04   9.80706e-01
   49   3.54200e+04   9.73976e-01
   50   3.55350e+04   9.66388e-01
   51   3.56500e+04   9.59279e-01
   52   3.57650e+04   9.52953e-01
   53   3.58800e+04   9.56618e-01
   54   3.59950e+04   9.64655e-01
   55   3.61100e+04   9.67360e-01
   56   3.62250e+04   9.68286e-01
   57   3.63400e+04   9.59225e-01
   58   3.64550e+04   9.45513e-01
   59   3.65700e+04   9.31584e-01
   60   3.66850e+04   9.23666e-01
   61   3.68000e+04   9.26808e-01
   62   3.69150e+04   9.39948e-01
   63   3.70300e+04   9.57640e-01
   64   3.71450e+04   9.79329e-01
   65   3.72600e+04   9.90438e-01
   66   3.73750e+04   9.98562e-01
   67   3.74900e+04   1.00000e+00
   68   3.76050e+04   9.93950e-01
   69   3.77200e+04   9.84047e-01
   70   3.78350e+04   9.74472e-01
   71   3.79500e+04   9.70034e-01
   72   3.80650e+04   9.67119e-01
   73   3.81800e+04   9.60479e-01
   74   3.82950e+04   9.48742e-01
   75   3.84100e+04   9.32020e-01
   76   3.85250e+04   9.11631e-01
   77   3.86400e+04   9.03464e-01
   78   3.87550e+04   9.17922e-01
   79   3.88700e+04   9.40509e-01
   80   3.89850e+04   9.36726e-01
   81   3.91000e+04   8.41206e-01
   82   3.92150e+04   5.88835e-01
   83   3.93300e+04   3.06925e-01
   84   3.94450e+04   1.25807e-01
   85   3.95600e+04   4.69752e-02
   86   3.96750e+04   1.78460e-02
   87   3.97900e+04   7.64660e-03
   88   3.99050e+04   3.55015e-03
   89   4.00200e+04   1.65219e-03
   90   4.01350e+04   9.19279e-04
   91   4.02500e+04   9.70205e-04
   92   4.03650e+04   1.04159e-03
   93   4.04800e+04   0.00000e+00
   94   4.05950e+04   0.00000e+00
   86 IRAC/irac_tr2_2004-08-09.dat  4.5micron  lambda_c= 4.5020e+04  AB-Vega= 3.254
    1   3.80500e+04   0.00000e+00
    2   3.82000e+04   0.00000e+00
    3   3.83500e+04   2.52893e-04
    4   3.85000e+04   2.44823e-04
    5   3.86500e+04   6.54356e-04
    6   3.88000e+04   1.04361e-03
    7   3.89500e+04   2.36495e-03
    8   3.91000e+04   5.19000e-03
    9   3.92500e+04   1.19012e-02
   10   3.94000e+04   2.42473e-02
   11   3.95500e+04   4.77201e-02
   12   3.97000e+04   9.57037e-02
   13   3.98500e+04   2.07333e-01
   14   4.00000e+04   4.28080e-01
   15   4.01500e+04   6.48503e-01
   16   4.03000e+04   7.34621e-01
   17   4.04500e+04   7.25969e-01
   18   4.06000e+04   6.90196e-01
   19   4.07500e+04   6.52864e-01
   20   4.09000e+04   6.25477e-01
   21   4.10500e+04   6.19015e-01
   22   4.12000e+04   6.35005e-01
   23   4.13500e+04   6.73362e-01
   24   4.15000e+04   7.31445e-01
   25   4.16500e+04   7.92825e-01
   26   4.18000e+04   8.43607e-01
   27   4.19500e+04   8.81577e-01
   28   4.21000e+04   9.03782e-01
   29   4.22500e+04   9.12039e-01
   30   4.24000e+04   9.07955e-01
   31   4.25500e+04   8.90477e-01
   32   4.27000e+04   8.72496e-01
   33   4.28500e+04   8.63557e-01
   34   4.30000e+04   8.72154e-01
   35   4.31500e+04   8.91533e-01
   36   4.33000e+04   9.12805e-01
   37   4.34500e+04   9.29754e-01
   38   4.36000e+04   9.38865e-01
   39   4.37500e+04   9.50269e-01
   40   4.39000e+04   9.62072e-01
   41   4.40500e+04   9.77211e-01
   42   4.42000e+04   9.90026e-01
   43   4.43500e+04   9.97566e-01
   44   4.45000e+04   1.00000e+00
   45   4.46500e+04   9.97717e-01
   46   4.48000e+04   9.92455e-01
   47   4.49500e+04   9.82453e-01
   48   4.51000e+04   9.66728e-01
   49   4.52500e+04   9.50847e-01
   50   4.54000e+04   9.37990e-01
   51   4.55500e+04   9.28006e-01
   52   4.57000e+04   9.22862e-01
   53   4.58500e+04   9.14760e-01
   54   4.60000e+04   9.04455e-01
   55   4.61500e+04   8.88243e-01
   56   4.63000e+04   8.66835e-01
   57   4.64500e+04   8.60914e-01
   58   4.66000e+04   8.66029e-01
   59   4.67500e+04   8.77698e-01
   60   4.69000e+04   8.90575e-01
   61   4.70500e+04   9.03218e-01
   62   4.72000e+04   9.06322e-01
   63   4.73500e+04   9.00472e-01
   64   4.75000e+04   8.88557e-01
   65   4.76500e+04   8.72218e-01
   66   4.78000e+04   8.54462e-01
   67   4.79500e+04   8.37966e-01
   68   4.81000e+04   8.26195e-01
   69   4.82500e+04   8.18587e-01
   70   4.84000e+04   8.15980e-01
   71   4.85500e+04   8.15124e-01
   72   4.87000e+04   8.13811e-01
   73   4.88500e+04   8.12739e-01
   74   4.90000e+04   8.13745e-01
   75   4.91500e+04   8.12241e-01
   76   4.93000e+04   7.99835e-01
   77   4.94500e+04   7.63561e-01
   78   4.96000e+04   7.13004e-01
   79   4.97500e+04   6.80686e-01
   80   4.99000e+04   6.89665e-01
   81   5.00500e+04   6.58621e-01
   82   5.02000e+04   4.14079e-01
   83   5.03500e+04   1.40217e-01
   84   5.05000e+04   4.80761e-02
   85   5.06500e+04   0.00000e+00
   86   5.08000e+04   0.00000e+00
   95 IRAC/irac_tr3_2004-08-09.dat  5.8micron  lambda_c= 5.7450e+04  AB-Vega= 3.747
    1   4.86300e+04   0.00000e+00
    2   4.88200e+04   0.00000e+00
    3   4.90100e+04   2.35519e-03
    4   4.92000e+04   2.79339e-03
    5   4.93900e+04   1.99528e-02
    6   4.95800e+04   8.64978e-02
    7   4.97700e+04   2.09116e-01
    8   4.99600e+04   3.42203e-01
    9   5.01500e+04   4.62975e-01
   10   5.03400e+04   5.43945e-01
   11   5.05300e+04   5.53961e-01
   12   5.07200e+04   5.56809e-01
   13   5.09100e+04   6.16952e-01
   14   5.11000e+04   6.88156e-01
   15   5.12900e+04   7.18653e-01
   16   5.14800e+04   7.16638e-01
   17   5.16700e+04   7.06642e-01
   18   5.18600e+04   7.02314e-01
   19   5.20500e+04   7.18830e-01
   20   5.22400e+04   7.58881e-01
   21   5.24300e+04   7.92824e-01
   22   5.26200e+04   7.91376e-01
   23   5.28100e+04   7.59605e-01
   24   5.30000e+04   7.27228e-01
   25   5.31900e+04   7.37124e-01
   26   5.33800e+04   7.85701e-01
   27   5.35700e+04   8.27841e-01
   28   5.37600e+04   8.43044e-01
   29   5.39500e+04   8.48763e-01
   30   5.41400e+04   8.47520e-01
   31   5.43300e+04   8.40967e-01
   32   5.45200e+04   8.36387e-01
   33   5.47100e+04   8.34298e-01
   34   5.49000e+04   8.34233e-01
   35   5.50900e+04   8.31715e-01
   36   5.52800e+04   8.31563e-01
   37   5.54700e+04   8.51205e-01
   38   5.56600e+04   8.83951e-01
   39   5.58500e+04   8.98871e-01
   40   5.60400e+04   8.92351e-01
   41   5.62300e+04   8.84335e-01
   42   5.64200e+04   8.89145e-01
   43   5.66100e+04   9.05901e-01
   44   5.68000e+04   9.24469e-01
   45   5.69900e+04   9.26308e-01
   46   5.71800e+04   9.19985e-01
   47   5.73700e+04   9.32410e-01
   48   5.75600e+04   9.57242e-01
   49   5.77500e+04   9.58803e-01
   50   5.79400e+04   9.39285e-01
   51   5.81300e+04   9.38715e-01
   52   5.83200e+04   9.54830e-01
   53   5.85100e+04   9.65867e-01
   54   5.87000e+04   9.73010e-01
   55   5.88900e+04   9.80615e-01
   56   5.90800e+04   9.80865e-01
   57   5.92700e+04   9.72525e-01
   58   5.94600e+04   9.69023e-01
   59   5.96500e+04   9.82873e-01
   60   5.98400e+04   1.00000e+00
   61   6.00300e+04   9.97916e-01
   62   6.02200e+04   9.81637e-01
   63   6.04100e+04   9.74076e-01
   64   6.06000e+04   9.81317e-01
   65   6.07900e+04   9.88961e-01
   66   6.09800e+04   9.81707e-01
   67   6.11700e+04   9.64152e-01
   68   6.13600e+04   9.44272e-01
   69   6.15500e+04   9.38991e-01
   70   6.17400e+04   9.44368e-01
   71   6.19300e+04   9.60304e-01
   72   6.21200e+04   9.67577e-01
   73   6.23100e+04   9.46561e-01
   74   6.25000e+04   9.05150e-01
   75   6.26900e+04   8.80889e-01
   76   6.28800e+04   8.95620e-01
   77   6.30700e+04   9.30348e-01
   78   6.32600e+04   9.47801e-01
   79   6.34500e+04   9.45294e-01
   80   6.36400e+04   9.21957e-01
   81   6.38300e+04   8.44223e-01
   82   6.40200e+04   7.08906e-01
   83   6.42100e+04   5.68704e-01
   84   6.44000e+04   4.29033e-01
   85   6.45900e+04   2.61277e-01
   86   6.47800e+04   1.11667e-01
   87   6.49700e+04   3.37479e-02
   88   6.51600e+04   9.56538e-03
   89   6.53500e+04   3.39766e-03
   90   6.55400e+04   1.43279e-03
   91   6.57300e+04   6.88790e-04
   92   6.59200e+04   9.67123e-04
   93   6.61100e+04   6.09051e-04
   94   6.63000e+04   0.00000e+00
   95   6.64900e+04   0.00000e+00
  158 IRAC/irac_tr4_2004-08-09.dat  8.0micron  lambda_c= 7.9158e+04  AB-Vega= 4.387
    1   6.02000e+04   0.00000e+00
    2   6.04600e+04   0.00000e+00
    3   6.07200e+04   6.12029e-04
    4   6.09800e+04   1.11982e-03
    5   6.12400e+04   8.14477e-04
    6   6.15000e+04   7.16978e-04
    7   6.17600e+04   6.27541e-04
    8   6.20200e+04   8.31348e-04
    9   6.22800e+04   5.66949e-04
   10   6.25400e+04   1.09169e-03
   11   6.28000e+04   1.48390e-03
   12   6.30600e+04   2.04309e-03
   13   6.33200e+04   4.54511e-03
   14   6.35800e+04   2.26652e-02
   15   6.38400e+04   1.01833e-01
   16   6.41000e+04   2.38335e-01
   17   6.43600e+04   4.00058e-01
   18   6.46200e+04   5.40699e-01
   19   6.48800e+04   5.97316e-01
   20   6.51400e+04   6.58779e-01
   21   6.54000e+04   7.09402e-01
   22   6.56600e+04   7.29797e-01
   23   6.59200e+04   7.39738e-01
   24   6.61800e+04   7.41349e-01
   25   6.64400e+04   7.34997e-01
   26   6.67000e+04   7.22779e-01
   27   6.69600e+04   6.93562e-01
   28   6.72200e+04   7.16720e-01
   29   6.74800e+04   7.51881e-01
   30   6.77400e+04   7.56701e-01
   31   6.80000e+04   7.77566e-01
   32   6.82600e+04   7.95663e-01
   33   6.85200e+04   8.01014e-01
   34   6.87800e+04   8.03090e-01
   35   6.90400e+04   8.01842e-01
   36   6.93000e+04   7.93326e-01
   37   6.95600e+04   7.94176e-01
   38   6.98200e+04   8.03146e-01
   39   7.00800e+04   7.85450e-01
   40   7.03400e+04   7.66343e-01
   41   7.06000e+04   7.77980e-01
   42   7.08600e+04   7.76256e-01
   43   7.11200e+04   7.71029e-01
   44   7.13800e+04   7.87531e-01
   45   7.16400e+04   7.93760e-01
   46   7.19000e+04   7.75094e-01
   47   7.21600e+04   7.76583e-01
   48   7.24200e+04   8.02406e-01
   49   7.26800e+04   8.22146e-01
   50   7.29400e+04   8.18873e-01
   51   7.32000e+04   8.09206e-01
   52   7.34600e+04   8.09512e-01
   53   7.37200e+04   8.22491e-01
   54   7.39800e+04   8.36364e-01
   55   7.42400e+04   8.38489e-01
   56   7.45000e+04   8.22646e-01
   57   7.47600e+04   8.11361e-01
   58   7.50200e+04   8.36453e-01
   59   7.52800e+04   8.79069e-01
   60   7.55400e+04   9.00600e-01
   61   7.58000e+04   9.10454e-01
   62   7.60600e+04   9.22017e-01
   63   7.63200e+04   9.14449e-01
   64   7.65800e+04   8.96257e-01
   65   7.68400e+04   9.03465e-01
   66   7.71000e+04   9.26795e-01
   67   7.73600e+04   9.27597e-01
   68   7.76200e+04   9.14001e-01
   69   7.78800e+04   9.11137e-01
   70   7.81400e+04   9.17923e-01
   71   7.84000e+04   9.20510e-01
   72   7.86600e+04   9.32273e-01
   73   7.89200e+04   9.54809e-01
   74   7.91800e+04   9.64054e-01
   75   7.94400e+04   9.52240e-01
   76   7.97000e+04   9.36170e-01
   77   7.99600e+04   9.36901e-01
   78   8.02200e+04   9.51244e-01
   79   8.04800e+04   9.66554e-01
   80   8.07400e+04   9.69579e-01
   81   8.10000e+04   9.70726e-01
   82   8.12600e+04   9.81493e-01
   83   8.15200e+04   9.90378e-01
   84   8.17800e+04   9.81711e-01
   85   8.20400e+04   9.70445e-01
   86   8.23000e+04   9.73792e-01
   87   8.25600e+04   9.90395e-01
   88   8.28200e+04   9.96112e-01
   89   8.30800e+04   9.91558e-01
   90   8.33400e+04   9.93663e-01
   91   8.36000e+04   9.97484e-01
   92   8.38600e+04   9.89789e-01
   93   8.41200e+04   9.71967e-01
   94   8.43800e+04   9.69854e-01
   95   8.46400e+04   9.87576e-01
   96   8.49000e+04   1.00000e+00
   97   8.51600e+04   9.95774e-01
   98   8.54200e+04   9.83363e-01
   99   8.56800e+04   9.82476e-01
  100   8.59400e+04   9.86902e-01
  101   8.62000e+04   9.86311e-01
  102   8.64600e+04   9.85773e-01
  103   8.67200e+04   9.79641e-01
  104   8.69800e+04   9.58987e-01
  105   8.72400e+04   9.26127e-01
  106   8.75000e+04   9.06191e-01
  107   8.77600e+04   9.09560e-01
  108   8.80200e+04   9.31667e-01
  109   8.82800e+04   9.49492e-01
  110   8.85400e+04   9.47745e-01
  111   8.88000e+04   9.33902e-01
  112   8.90600e+04   9.24336e-01
  113   8.93200e+04   9.17610e-01
  114   8.95800e+04   9.10751e-01
  115   8.98400e+04   9.05847e-01
  116   9.01000e+04   9.01786e-01
  117   9.03600e+04   8.94146e-01
  118   9.06200e+04   8.79634e-01
  119   9.08800e+04   8.64897e-01
  120   9.11400e+04   8.56790e-01
  121   9.14000e+04   8.49756e-01
  122   9.16600e+04   8.38787e-01
  123   9.19200e+04   8.12761e-01
  124   9.21800e+04   7.70387e-01
  125   9.24400e+04   7.15436e-01
  126   9.27000e+04   6.50490e-01
  127   9.29600e+04   5.81889e-01
  128   9.32200e+04   5.20301e-01
  129   9.34800e+04   4.63661e-01
  130   9.37400e+04   4.01857e-01
  131   9.40000e+04   3.29114e-01
  132   9.42600e+04   2.59731e-01
  133   9.45200e+04   1.99197e-01
  134   9.47800e+04   1.42135e-01
  135   9.50400e+04   9.10724e-02
  136   9.53000e+04   5.27434e-02
  137   9.55600e+04   3.10182e-02
  138   9.58200e+04   1.92004e-02
  139   9.60800e+04   1.28833e-02
  140   9.63400e+04   8.65201e-03
  141   9.66000e+04   6.10532e-03
  142   9.68600e+04   3.57495e-03
  143   9.71200e+04   3.86132e-03
  144   9.73800e+04   3.78276e-03
  145   9.76400e+04   2.24577e-03
  146   9.79000e+04   1.66674e-03
  147   9.81600e+04   1.39926e-03
  148   9.84200e+04   1.67400e-03
  149   9.86800e+04   1.11246e-03
  150   9.89400e+04   1.20912e-03
  151   9.92000e+04   1.43091e-03
  152   9.94600e+04   1.50771e-03
  153   9.97200e+04   9.57312e-04
  154   9.99800e+04   8.28978e-04
  155   1.00240e+05   8.12599e-04
  156   1.00500e+05   1.27572e-03
  157   1.00760e+05   0.00000e+00
  158   1.01020e+05   0.00000e+00
   18 CAPAK/galex1500.res  FUV  lambda_c= 1.5364e+03  AB-Vega= 2.128
    1   1.32089e+03   0.00000e+00
    2   1.33076e+03   0.00000e+00
    3   1.34062e+03   2.46125e-06
    4   1.35049e+03   3.13086e-01
    5   1.37021e+03   4.78973e-01
    6   1.39981e+03   3.34114e-01
    7   1.44913e+03   9.13552e-01
    8   1.47708e+03   1.00000e+00
    9   1.50010e+03   9.50935e-01
   10   1.51983e+03   9.41589e-01
   11   1.54942e+03   7.10281e-01
   12   1.60861e+03   6.91590e-01
   13   1.64807e+03   4.34581e-01
   14   1.70561e+03   3.22432e-01
   15   1.75000e+03   2.85049e-01
   16   1.81083e+03   0.00000e+00
   17   1.87166e+03   0.00000e+00
   18   1.93250e+03   0.00000e+00
   27 CAPAK/galex2500.res  NUV  lambda_c= 2.2992e+03  AB-Vega= 1.665
    1   1.66451e+03   0.00000e+00
    2   1.67602e+03   0.00000e+00
    3   1.68753e+03   1.47125e-06
    4   1.69903e+03   3.91076e-02
    5   1.74836e+03   5.16774e-02
    6   1.83714e+03   2.61174e-01
    7   1.89961e+03   4.30168e-01
    8   1.94894e+03   5.33520e-01
    9   1.99826e+03   7.27654e-01
   10   2.05087e+03   7.65363e-01
   11   2.15116e+03   9.65084e-01
   12   2.20048e+03   1.00000e+00
   13   2.25309e+03   9.12011e-01
   14   2.30077e+03   8.60335e-01
   15   2.34845e+03   7.75140e-01
   16   2.44545e+03   8.67319e-01
   17   2.55396e+03   8.35196e-01
   18   2.59507e+03   8.11453e-01
   19   2.64603e+03   7.50000e-01
   20   2.69700e+03   6.17319e-01
   21   2.79729e+03   1.78772e-01
   22   2.84990e+03   5.44707e-02
   23   2.89758e+03   1.95545e-02
   24   2.99951e+03   2.65377e-02
   25   3.00774e+03   1.47125e-06
   26   3.01596e+03   0.00000e+00
   27   3.02418e+03   0.00000e+00
